100 4.46e-07
200 8.01e-07
300 1.058e-06
400 1.421e-06
500 1.62e-06
600 1.878e-06
700 2.05e-06
800 2.347e-06
900 2.713e-06
1000 2.93e-06
1100 3.203e-06
1200 3.721e-06
1300 4.014e-06
1400 4.331e-06
1500 4.428e-06
1600 4.599e-06
1700 4.832e-06
1800 5.319e-06
1900 5.379e-06
2000 2.5e-08
2100 2.6487e-05
2200 6.299e-06
2300 6.545e-06
2400 6.863e-06
2500 7.132e-06
2600 7.008e-06
2700 7.292e-06
2800 7.557e-06
2900 7.778e-06
3000 7.977e-06
3100 8.289e-06
3200 8.531e-06
3300 8.797e-06
3400 2.7263e-05
3500 9.375e-06
3600 9.595e-06
3700 2.904e-05
3800 1.2639e-05
3900 1.0367e-05
4000 1.0852e-05
4100 1.089e-05
4200 1.1202e-05
4300 1.1433e-05
4400 1.275e-05
4500 1.1903e-05
4600 1.2903e-05
4700 1.5284e-05
4800 1.2925e-05
4900 1.4181e-05
5000 1.3264e-05
5100 1.3538e-05
5200 1.3717e-05
5300 1.4127e-05
5400 1.428e-05
5500 1.4703e-05
5600 1.8853e-05
5700 1.6208e-05
5800 1.6262e-05
5900 1.6632e-05
6000 1.6004e-05
6100 1.6393e-05
6200 1.6332e-05
6300 1.7693e-05
6400 1.8033e-05
6500 1.8217e-05
6600 1.8547e-05
6700 1.8938e-05
6800 1.9242e-05
6900 1.8204e-05
7000 1.856e-05
7100 2.5621e-05
7200 2.0169e-05
7300 2.0277e-05
7400 2.1898e-05
7500 2.1363e-05
7600 2.1279e-05
7700 2.1632e-05
7800 2.1938e-05
7900 2.2965e-05
8000 2.3142e-05
8100 2.3393e-05
8200 2.2467e-05
8300 2.2228e-05
8400 2.2315e-05
8500 2.2258e-05
8600 3.9771e-05
8700 2.4322e-05
8800 2.4746e-05
8900 2.4699e-05
9000 2.3772e-05
9100 8.4674e-05
9200 2.4141e-05
9300 2.447e-05
9400 7.0388e-05
9500 2.6495e-05
9600 2.6793e-05
9700 2.7067e-05
9800 2.8048e-05
9900 2.7706e-05
10000 2.7858e-05
10100 2.9134e-05
10200 2.9526e-05
10300 2.9667e-05
10400 6.8494e-05
10500 2.9304e-05
10600 8.3645e-05
10700 2.9979e-05
10800 3.0408e-05
10900 3.0268e-05
11000 3.0636e-05
11100 3.1164e-05
11200 3.1073e-05
11300 3.271e-05
11400 4.7977e-05
11500 7.6352e-05
11600 3.2398e-05
11700 4.4518e-05
11800 3.4952e-05
11900 3.5167e-05
12000 3.4817e-05
12100 6.863e-05
12200 3.5342e-05
12300 3.6215e-05
12400 3.5528e-05
12500 8.0155e-05
12600 3.6648e-05
12700 4.5287e-05
12800 3.6823e-05
12900 2.5e-08
13000 3.7322e-05
13100 3.7724e-05
13200 3.796e-05
13300 3.8281e-05
13400 3.8535e-05
13500 3.8593e-05
13600 3.8728e-05
13700 3.797e-05
13800 3.8167e-05
13900 5.3161e-05
14000 3.7096e-05
14100 3.7474e-05
14200 9.2652e-05
14300 3.738e-05
14400 4.1319e-05
14500 4.6639e-05
14600 4.1387e-05
14700 0.000115803
14800 4.3202e-05
14900 3.9612e-05
15000 3.9781e-05
15100 4.0468e-05
15200 8.3089e-05
15300 4.0505e-05
15400 4.0745e-05
15500 4.0448e-05
15600 4.1873e-05
15700 4.1647e-05
15800 4.1625e-05
15900 4.1746e-05
16000 4.2529e-05
16100 0.000104172
16200 0.000103285
16300 4.5697e-05
16400 4.61e-05
16500 4.6395e-05
16600 4.6437e-05
16700 4.656e-05
16800 4.6968e-05
16900 5.0877e-05
17000 0.00131529
17100 4.7973e-05
17200 4.8389e-05
17300 4.8792e-05
17400 0.00481185
17500 4.9749e-05
17600 4.9754e-05
17700 6.1672e-05
17800 4.9496e-05
17900 5.0183e-05
18000 4.745e-05
18100 4.7982e-05
18200 4.8246e-05
18300 4.8359e-05
18400 5.1239e-05
18500 5.1599e-05
18600 4.8951e-05
18700 4.8451e-05
18800 4.993e-05
18900 6.8351e-05
19000 5.029e-05
19100 5.0242e-05
19200 0.000168146
19300 0.00010925
19400 5.4038e-05
19500 0.000148531
19600 5.4469e-05
19700 5.1867e-05
19800 5.8967e-05
19900 5.5641e-05
20000 5.5643e-05
20100 6.2953e-05
20200 5.608e-05
20300 5.6854e-05
20400 5.7017e-05
20500 5.6722e-05
20600 5.7067e-05
20700 5.4683e-05
20800 9.8049e-05
20900 5.5059e-05
21000 5.5144e-05
21100 5.5529e-05
21200 5.9549e-05
21300 5.9652e-05
21400 6.0063e-05
21500 6.0103e-05
21600 7.3415e-05
21700 5.714e-05
21800 6.0868e-05
21900 0.00011922
22000 6.1647e-05
22100 6.1621e-05
22200 6.2371e-05
22300 6.661e-05
22400 5.9314e-05
22500 8.0857e-05
22600 6.5129e-05
22700 6.5397e-05
22800 6.3487e-05
22900 6.4119e-05
23000 6.4084e-05
23100 6.4524e-05
23200 6.496e-05
23300 6.5037e-05
23400 6.3247e-05
23500 6.2495e-05
23600 0.000147493
23700 6.2328e-05
23800 6.2546e-05
23900 6.3161e-05
24000 6.3329e-05
24100 8.2194e-05
24200 6.596e-05
24300 7.2594e-05
24400 7.0036e-05
24500 6.8099e-05
24600 0.000125636
24700 5.9861e-05
24800 7.3669e-05
24900 7.1914e-05
25000 7.0239e-05
25100 6.9944e-05
25200 7.2813e-05
25300 7.285e-05
25400 7.3427e-05
25500 6.9893e-05
25600 7.1407e-05
25700 0.000175794
25800 7.1752e-05
25900 7.2311e-05
26000 8.0128e-05
26100 0.000116702
26200 6.9152e-05
26300 6.9069e-05
26400 0.000112302
26500 7.3903e-05
26600 7.6315e-05
26700 9.6521e-05
26800 7.7921e-05
26900 7.7594e-05
27000 7.5629e-05
27100 1.479e-06
27200 7.8272e-05
27300 7.7982e-05
27400 8.0302e-05
27500 8.0711e-05
27600 7.8544e-05
27700 7.7053e-05
27800 2.4e-08
27900 7.8088e-05
28000 8.0062e-05
28100 7.8468e-05
28200 0.00408654
28300 7.8693e-05
28400 7.9385e-05
28500 8.1511e-05
28600 8.1666e-05
28700 8.0148e-05
28800 8.0124e-05
28900 8.3947e-05
29000 8.6234e-05
29100 9.866e-05
29200 0.00012114
29300 8.1765e-05
29400 8.1853e-05
29500 8.5949e-05
29600 8.1992e-05
29700 8.2905e-05
29800 8.2963e-05
29900 1.3315e-05
30000 8.3899e-05
30100 8.3995e-05
30200 8.5884e-05
30300 0.000126468
30400 0.00234271
30500 8.5145e-05
30600 8.4235e-05
30700 8.5753e-05
30800 8.6255e-05
30900 9.152e-05
31000 9.7656e-05
31100 9.6175e-05
31200 9.4255e-05
31300 8.9896e-05
31400 9.4004e-05
31500 9.416e-05
31600 9.5871e-05
31700 9.1778e-05
31800 0.000107051
31900 8.8993e-05
32000 9.4598e-05
32100 8.9465e-05
32200 0.000103601
32300 8.5164e-05
32400 0.000104752
32500 9.1214e-05
32600 9.0559e-05
32700 9.1438e-05
32800 8.6143e-05
32900 0.000130572
33000 0.000130454
33100 9.354e-05
33200 0.000267147
33300 0.000100835
33400 9.329e-05
33500 9.3333e-05
33600 9.3745e-05
33700 9.4306e-05
33800 0.000173566
33900 0.000110449
34000 0.000133416
34100 9.5553e-05
34200 0.000109188
34300 9.5957e-05
34400 0.000167723
34500 9.6173e-05
34600 9.6553e-05
34700 9.7013e-05
34800 9.8178e-05
34900 0.000137989
35000 0.000105083
35100 9.8121e-05
35200 0.000280181
35300 0.000102781
35400 9.9902e-05
35500 0.000102326
35600 0.000103633
35700 0.000103344
35800 0.000100211
35900 0.000100254
36000 0.000103739
36100 0.000103976
36200 0.000101094
36300 0.000107237
36400 0.000101549
36500 0.00013836
36600 0.000192768
36700 0.000106493
36800 0.000207614
36900 0.000106019
37000 0.000150245
37100 0.000140072
37200 0.000149062
37300 0.000107757
37400 0.000171709
37500 0.000116148
37600 0.00317702
37700 0.000112021
37800 0.00011896
37900 0.000120142
38000 0.000121438
38100 0.000115555
38200 0.000117014
38300 7.341e-05
38400 0.000133412
38500 0.000114007
38600 0.000127353
38700 0.000115615
38800 0.00013253
38900 0.00448674
39000 0.000119459
39100 0.000113047
39200 0.000214402
39300 0.000119571
39400 0.000119194
39500 0.000133467
39600 0.000122109
39700 0.000201365
39800 0.000127342
39900 0.000118947
40000 0.000115405
40100 0.000111786
40200 0.00011223
40300 0.000116684
40400 0.000113381
40500 0.000157085
40600 0.000156917
40700 0.00013926
40800 0.000114396
40900 0.000118977
41000 0.000114123
41100 0.000114338
41200 0.00011625
41300 0.000115572
41400 0.000160268
41500 7.2856e-05
41600 0.000116107
41700 0.000207348
41800 0.000129726
41900 0.000121361
42000 0.000117481
42100 0.000121405
42200 0.0158001
42300 0.000111536
42400 0.000169248
42500 0.000111627
42600 0.000171791
42700 0.000112552
42800 0.000157313
42900 0.000223498
43000 0.000120142
43100 0.00012046
43200 0.000125572
43300 0.000113901
43400 5.7431e-05
43500 0.000121253
43600 0.000125083
43700 0.000121987
43800 0.000123378
43900 0.000119543
44000 0.000151113
44100 0.00012396
44200 0.000124897
44300 0.000127747
44400 0.00564364
44500 0.000124323
44600 0.00013342
44700 0.000128803
44800 0.000169918
44900 0.00176153
45000 0.000126064
45100 0.000144437
45200 0.00012608
45300 0.00355813
45400 0.000126777
45500 0.000185401
45600 0.000906056
45700 0.000135815
45800 0.000131999
45900 0.000137837
46000 0.00370962
46100 0.000156016
46200 0.000157621
46300 0.00018344
46400 0.000217322
46500 0.000159027
46600 0.000159009
46700 0.000158939
46800 0.00185908
46900 0.000159966
47000 0.000161529
47100 0.00252775
47200 0.000155359
47300 0.00015892
47400 0.000145673
47500 0.000146195
47600 0.000141446
47700 0.000137563
47800 0.000142414
47900 0.00013877
48000 0.000138828
48100 0.000134346
48200 0.000148084
48300 0.000130751
48400 0.00412426
48500 0.00012775
48600 0.000144427
48700 9.4892e-05
48800 0.000128265
48900 0.000191062
49000 0.000128798
49100 0.000129033
49200 0.000134143
49300 0.000187886
49400 0.000130026
49500 0.000142295
49600 0.000130826
49700 0.000130802
49800 0.000131126
49900 0.000156986
50000 0.000144385
50100 0.000140318
50200 0.000186463
50300 0.00438486
50400 0.000141348
50500 0.000150291
50600 0.000150574
50700 0.000150308
50800 0.00016343
50900 0.000156591
51000 9.2131e-05
51100 0.000157037
51200 0.00017181
51300 0.000152509
51400 0.000148309
51500 0.000158886
51600 0.000143969
51700 0.000148986
51800 0.000144554
51900 0.000144579
52000 0.000187004
52100 2.5e-08
52200 0.000162656
52300 0.000137914
52400 0.000138458
52500 0.000146154
52600 0.000146853
52700 0.000147984
52800 0.0001488
52900 0.000155891
53000 0.000147998
53100 0.000139799
53200 0.000154438
53300 0.000153791
53400 0.000155009
53500 0.000153885
53600 0.000159589
53700 0.000157134
53800 0.0002422
53900 0.00192021
54000 0.00370595
54100 0.000156248
54200 0.000155941
54300 0.000195417
54400 0.000160861
54500 0.000160292
54600 0.000152418
54700 0.00014842
54800 0.000149619
54900 0.000164524
55000 0.000149623
55100 0.00014529
55200 0.000153977
55300 0.000171257
55400 0.000179602
55500 0.000196195
55600 0.000176745
55700 0.00488839
55800 2.4e-08
55900 0.000172757
56000 0.000175179
56100 0.000174166
56200 0.000169385
56300 0.000196735
56400 0.000176488
56500 0.000188216
56600 0.000162693
56700 0.00016326
56800 0.00015915
56900 0.000181394
57000 0.000161505
57100 0.000159455
57200 0.00138922
57300 0.000160966
57400 0.000159906
57500 0.000166954
57600 0.000152285
57700 0.000160335
57800 0.000178868
57900 0.000388656
58000 0.000185245
58100 0.000178521
58200 0.000197357
58300 0.000945356
58400 0.000191454
58500 0.000959322
58600 0.000174557
58700 0.000185999
58800 0.00019711
58900 0.000176024
59000 0.000175593
59100 0.000175701
59200 0.000163439
59300 0.000166566
59400 0.000165646
59500 0.000157786
59600 0.000161386
59700 0.000240162
59800 0.000158069
59900 0.000168295
60000 0.000207162
60100 0.000168027
60200 0.000190707
60300 0.000173895
60400 0.000174262
60500 0.000169452
60600 0.000235361
60700 0.00017423
60800 0.00017008
60900 0.000165143
61000 0.000180991
61100 0.000162056
61200 0.000162473
61300 0.000161243
61400 0.000161811
61500 0.00016189
61600 0.000228732
61700 0.000240966
61800 0.000210927
61900 0.000254033
62000 0.000258246
62100 0.000180501
62200 0.000212521
62300 0.000187791
62400 0.000174404
62500 0.000179248
62600 0.000175927
62700 0.000175537
62800 0.000175574
62900 0.000170231
63000 0.000209533
63100 0.000176565
63200 0.0001768
63300 0.000236191
63400 0.000178372
63500 0.000182702
63600 0.000231528
63700 0.000183674
63800 0.00024294
63900 0.000196632
64000 0.000184586
64100 0.000197095
64200 0.000199583
64300 0.000207688
64400 0.000309534
64500 0.000204327
64600 9.16e-06
64700 0.000206101
64800 0.000198557
64900 0.000205763
65000 0.000193724
65100 0.000193737
65200 0.00270774
65300 0.000194651
65400 0.000188286
65500 0.000183169
65600 0.000189098
65700 0.00441258
65800 0.000197516
65900 0.000213941
66000 0.000209949
66100 0.000210522
66200 0.00412127
66300 0.000204606
66400 0.000197705
66500 0.000202928
66600 0.000217967
66700 0.000200549
66800 0.000187694
66900 0.000190811
67000 0.00018751
67100 0.000188742
67200 0.000182442
67300 0.000247913
67400 0.000182831
67500 0.00017774
67600 0.000177804
67700 0.000189176
67800 0.00380924
67900 0.000189143
68000 0.000189953
68100 0.000185197
68200 0.000179674
68300 0.000190275
68400 0.000191525
68500 0.000192365
68600 0.00023877
68700 0.000192335
68800 0.000199235
68900 2.0721e-05
69000 0.000192796
69100 0.00019315
69200 0.000198748
69300 0.000197645
69400 0.00033173
69500 0.000206088
69600 0.000201808
69700 0.000203002
69800 0.000218337
69900 0.000201734
70000 0.000201865
70100 0.0002073
70200 0.000201172
70300 0.000248981
70400 0.000213163
70500 0.000247274
70600 0.000204398
70700 0.001777
70800 0.000186531
70900 0.000192909
71000 0.000191885
71100 0.000220397
71200 0.000237127
71300 0.000255551
71400 0.000205868
71500 0.000200111
71600 0.000272786
71700 0.000201286
71800 0.000207309
71900 0.000206134
72000 0.00474784
72100 0.000212039
72200 0.000293239
72300 0.000194943
72400 0.000190868
72500 0.000101176
72600 0.000196131
72700 0.000191378
72800 0.000371407
72900 0.00019237
73000 0.000234669
73100 0.00019865
73200 0.000193309
73300 0.000257845
73400 0.000261095
73500 0.000206034
73600 0.00025555
73700 0.000307829
73800 0.000200035
73900 0.000194749
74000 0.000381086
74100 0.000195281
74200 0.000214556
74300 0.000194248
74400 0.00019597
74500 0.000195975
74600 0.000235729
74700 0.000231138
74800 0.000241276
74900 0.000229944
75000 0.000230104
75100 0.000224196
75200 0.000215624
75300 0.000256815
75400 0.000240581
75500 0.000232395
75600 0.000227142
75700 0.000239968
75800 0.000225413
75900 0.000224547
76000 0.000222412
76100 0.000226151
76200 0.000211784
76300 0.000205576
76400 0.000201524
76500 0.000235666
76600 0.000271757
76700 0.000233196
76800 0.000228975
76900 0.000255797
77000 0.000120351
77100 0.000230289
77200 0.000226174
77300 0.000271979
77400 0.000223409
77500 0.000216257
77600 0.000213592
77700 0.000317139
77800 0.000209768
77900 0.000219218
78000 0.000360161
78100 0.000222762
78200 0.000221383
78300 0.0124797
78400 0.000249059
78500 0.000246679
78600 0.000262838
78700 1.917e-05
78800 0.000263955
78900 0.000270547
79000 0.00024385
79100 0.000242504
79200 0.000237082
79300 0.000228426
79400 0.000495204
79500 0.000241062
79600 0.000237414
79700 0.000245201
79800 0.000272709
79900 0.000272921
80000 0.000275744
80100 0.00025567
80200 0.00024308
80300 0.000261465
80400 0.000251614
80500 0.000241999
80600 0.000225838
80700 0.000226504
80800 0.000219237
80900 0.000342279
81000 0.00025037
81100 0.000255797
81200 0.000214503
81300 0.000214824
81400 0.000262076
81500 0.000239135
81600 0.000235569
81700 0.000237026
81800 0.000248851
81900 0.00025398
82000 0.000315384
82100 0.000246542
82200 0.000228631
82300 0.000271789
82400 0.000224524
82500 0.000358785
82600 0.000218534
82700 0.00444556
82800 0.00019909
82900 0.00023222
83000 0.000234465
83100 0.000239339
83200 0.00032137
83300 0.000232904
83400 0.000285745
83500 0.000293535
83600 0.000278167
83700 0.000257904
83800 0.000267025
83900 0.000260631
84000 0.000367077
84100 0.000262964
84200 0.00026475
84300 0.000279645
84400 0.000260157
84500 0.000253623
84600 0.000253051
84700 0.000257016
84800 0.000251333
84900 0.000244662
85000 0.000402395
85100 0.000243608
85200 0.000238165
85300 0.000254896
85400 0.000246721
85500 0.000240229
85600 0.000255839
85700 0.000248074
85800 0.000409423
85900 0.000240412
86000 0.000240265
86100 0.000240392
86200 0.000226937
86300 0.000344256
86400 0.000241921
86500 0.000266232
86600 0.000246583
86700 0.000243024
86800 0.000242904
86900 0.000259206
87000 0.000279283
87100 0.00028847
87200 0.000260677
87300 0.000265335
87400 0.000290525
87500 0.00025591
87600 0.000408531
87700 0.000254314
87800 0.000249168
87900 0.000254722
88000 0.000246442
88100 0.000246563
88200 0.000295374
88300 0.000327033
88400 0.000412058
88500 0.000282503
88600 0.000351281
88700 0.000262825
88800 0.000248628
88900 0.000103618
89000 0.00024935
89100 0.000253703
89200 0.000355973
89300 0.000270009
89400 0.000246697
89500 0.000326112
89600 0.000237033
89700 0.000237205
89800 0.000241057
89900 0.000352011
90000 0.000242
90100 0.000282804
90200 0.00024195
90300 0.000282309
90400 0.000437287
90500 0.00025582
90600 0.000253788
90700 0.000253424
90800 0.000268734
90900 0.000257324
91000 0.000275622
91100 2.5e-08
91200 0.000243659
91300 0.000340171
91400 0.000258334
91500 0.000539212
91600 0.000346276
91700 0.000352764
91800 0.000388742
91900 0.00678233
92000 0.000358124
92100 0.000348786
92200 0.000440615
92300 0.000262414
92400 0.000280449
92500 0.000266484
92600 0.000279621
92700 0.000672314
92800 0.000267147
92900 0.000245154
93000 0.000237937
93100 0.000700256
93200 0.000245675
93300 0.000266578
93400 0.000263229
93500 0.00362458
93600 0.000301784
93700 0.000292486
93800 0.000109727
93900 0.000280056
94000 0.000279516
94100 0.000281602
94200 0.00027471
94300 0.000267931
94400 0.000271393
94500 0.000257051
94600 0.000267274
94700 0.00031017
94800 0.000252009
94900 0.00281727
95000 0.000254871
95100 0.00026325
95200 0.000181307
95300 0.000266927
95400 0.000394289
95500 0.00028737
95600 0.000278561
95700 0.000280521
95800 0.000271826
95900 0.000274401
96000 0.000272896
96100 0.000273694
96200 0.000306408
96300 0.000324317
96400 0.00680278
96500 0.000335851
96600 0.000254672
96700 0.000320346
96800 0.000283188
96900 0.00539055
97000 0.000304386
97100 0.000296345
97200 0.000280856
97300 0.000273116
97400 0.00029373
97500 0.000297745
97600 0.000281717
97700 0.000299669
97800 0.0014755
97900 0.000162654
98000 0.000274942
98100 0.00027503
98200 0.0023666
98300 0.000266811
98400 0.000305612
98500 0.00023036
98600 0.0014378
98700 0.000295907
98800 0.000337282
98900 0.000269291
99000 0.000292616
99100 0.000298059
99200 0.000343206
99300 0.0021273
99400 0.00033043
99500 0.000344101
99600 0.000380865
99700 0.000324745
99800 0.000303627
99900 0.000286995
100000 0.000312028
100100 0.000290893
100200 0.000339169
100300 0.000314857
100400 0.000440356
100500 0.000277041
100600 0.000328995
100700 0.000327232
100800 0.000266546
100900 0.000313496
101000 0.000370616
101100 0.000270966
101200 0.000101047
101300 0.000268314
101400 0.0003391
101500 0.0002986
101600 0.000271556
101700 0.00091107
101800 0.000269635
101900 0.000269644
102000 0.000316043
102100 0.000375113
102200 0.00699011
102300 0.000309074
102400 0.000287317
102500 0.000351852
102600 0.000316846
102700 0.000340429
102800 0.000300439
102900 0.000278013
103000 0.000322128
103100 0.000347955
103200 0.00031307
103300 0.000391423
103400 0.000402578
103500 0.000404596
103600 0.000467104
103700 0.00354148
103800 0.00042579
103900 0.000509944
104000 0.000315993
104100 0.00043132
104200 0.000181411
104300 0.000301713
104400 0.000395777
104500 0.000331771
104600 0.000337188
104700 0.00030564
104800 0.000302052
104900 0.000416193
105000 0.000294224
105100 2.5e-08
105200 0.00018535
105300 0.000341441
105400 0.000222882
105500 0.000314969
105600 0.000309504
105700 0.000329631
105800 0.000343337
105900 0.0016369
106000 0.000322124
106100 0.000311284
106200 0.000313971
106300 0.000301018
106400 2.4e-08
106500 0.000298374
106600 0.000205712
106700 0.000281922
106800 0.000305387
106900 0.000306925
107000 0.00030048
107100 0.000343749
107200 0.000314713
107300 0.000330781
107400 0.000268452
107500 0.000351811
107600 0.000315354
107700 0.00296071
107800 0.000349998
107900 0.00222277
108000 0.000358651
108100 0.000327457
108200 0.00495609
108300 0.000305821
108400 0.000305484
108500 0.000303254
108600 0.000304268
108700 0.000304896
108800 0.000216417
108900 0.000326609
109000 0.000325095
109100 0.000337439
109200 0.000316528
109300 0.000313918
109400 0.00562553
109500 0.00049353
109600 0.000310396
109700 0.000407637
109800 0.000318385
109900 0.000300321
110000 0.00031653
110100 0.0042703
110200 0.000330403
110300 0.000285093
110400 0.000312193
110500 0.000337682
110600 0.000353584
110700 0.000340344
110800 0.000336802
110900 0.000519744
111000 0.000327965
111100 0.000317897
111200 0.00031217
111300 0.000574543
111400 0.000330132
111500 0.000299596
111600 0.000295528
111700 0.000367101
111800 0.000374359
111900 0.000515324
112000 0.000320249
112100 0.000357677
112200 0.000271306
112300 0.000320632
112400 0.000317322
112500 0.000315824
112600 0.000316354
112700 0.00036548
112800 0.000413416
112900 0.000363816
113000 0.000355949
113100 0.000318006
113200 0.000361604
113300 0.000329009
113400 0.00481126
113500 0.000330591
113600 0.00163024
113700 0.000324053
113800 0.000335944
113900 0.000345675
114000 0.000581941
114100 0.000320307
114200 0.000323124
114300 0.000324606
114400 0.000302219
114500 0.000408386
114600 0.000367323
114700 0.000323865
114800 0.00032291
114900 0.0020816
115000 0.000325801
115100 0.000375774
115200 0.000394963
115300 0.000351515
115400 0.000329056
115500 0.000556966
115600 0.00141363
115700 0.000390377
115800 0.000374864
115900 0.000575736
116000 0.000349368
116100 0.000373143
116200 0.000357398
116300 0.000506806
116400 0.000379376
116500 0.000367629
116600 0.000335845
116700 0.000381474
116800 0.00035845
116900 0.000382654
117000 0.000358945
117100 0.000340072
117200 0.000349436
117300 0.000369098
117400 0.00035693
117500 0.000341636
117600 0.000887818
117700 0.00490967
117800 0.000396866
117900 0.000359768
118000 0.000384442
118100 0.000357382
118200 0.000455724
118300 0.00044931
118400 0.000383971
118500 0.000323125
118600 0.000339463
118700 0.000337537
118800 0.000323449
118900 0.000333585
119000 0.000333039
119100 0.00032116
119200 0.000359572
119300 0.000510962
119400 0.000360759
119500 0.000351229
119600 0.000339814
119700 0.000459486
119800 0.000336039
119900 0.000227975
120000 0.000339135
120100 0.0044648
120200 0.000340472
120300 0.000340094
120400 0.000349935
120500 0.000340744
120600 0.000359017
120700 0.000371345
120800 0.000480167
120900 0.000317976
121000 0.000319723
121100 9.5251e-05
121200 0.000342386
121300 0.00035202
121400 0.000339919
121500 0.00343081
121600 0.000346614
121700 0.00034069
121800 0.000225705
121900 0.000420861
122000 0.000347283
122100 0.00036483
122200 0.000376067
122300 0.000698172
122400 0.000413258
122500 0.000395649
122600 0.000409261
122700 0.000390227
122800 0.000380676
122900 0.0043886
123000 0.000367222
123100 0.000376988
123200 0.000356728
123300 0.000356005
123400 0.000348711
123500 0.000350914
123600 0.000347928
123700 0.000354374
123800 0.000350103
123900 0.000347626
124000 0.000356666
124100 0.00035137
124200 0.000351807
124300 0.000304563
124400 0.000431763
124500 0.000372667
124600 0.0015655
124700 0.000376299
124800 0.000371142
124900 0.000350177
125000 0.000447415
125100 0.000361514
125200 0.000365378
125300 0.000351935
125400 0.000648732
125500 0.000377403
125600 0.000424621
125700 0.000366704
125800 0.000367519
125900 0.000367987
126000 0.000396642
126100 0.0004076
126200 0.000368233
126300 0.000357748
126400 0.000359053
126500 0.000334186
126600 0.000464669
126700 0.000370669
126800 0.000355102
126900 0.00424789
127000 0.000358574
127100 0.000920672
127200 0.000468273
127300 0.000359383
127400 0.000386694
127500 0.00040912
127600 0.000359544
127700 0.000502139
127800 0.0036848
127900 8.9841e-05
128000 0.000372236
128100 0.00037398
128200 0.000411611
128300 0.00041333
128400 0.000260002
128500 0.000400773
128600 0.000386586
128700 0.000387312
128800 0.000389366
128900 0.000141916
129000 0.000371784
129100 0.00497491
129200 0.000374451
129300 0.000369333
129400 0.000500766
129500 0.000378495
129600 0.000415064
129700 0.00036949
129800 0.000367462
129900 0.000684474
130000 0.000487426
130100 0.00406589
130200 0.000597335
130300 0.000377303
130400 0.0020372
130500 0.000385603
130600 0.000390649
130700 0.00045051
130800 0.000250798
130900 0.000490751
131000 0.000614541
131100 0.000501106
131200 0.000450957
131300 0.00043919
131400 0.000432386
131500 0.000424016
131600 0.000414808
131700 0.000407221
131800 0.00043645
131900 0.000442488
132000 0.000424818
132100 0.000425808
132200 0.000453823
132300 0.00045807
132400 0.00044158
132500 0.000448078
132600 0.000541284
132700 0.000446796
132800 0.00047193
132900 0.000444309
133000 0.000465346
133100 0.000494623
133200 0.000467518
133300 0.000460075
133400 0.000461553
133500 0.000464601
133600 0.000457763
133700 0.000102016
133800 0.000445093
133900 0.000465621
134000 0.0002438
134100 0.000434245
134200 0.000435589
134300 0.000432775
134400 0.00500601
134500 0.000401906
134600 0.000493817
134700 0.000406831
134800 0.000393195
134900 0.000393432
135000 0.000462868
135100 0.000383745
135200 0.000378983
135300 0.000391815
135400 0.000382449
135500 0.000401163
135600 0.000438547
135700 0.000437442
135800 0.000447188
135900 0.000454863
136000 0.000453901
136100 0.000160954
136200 0.000454679
136300 0.000454533
136400 0.000441591
136500 0.00044645
136600 0.000420562
136700 0.000280511
136800 0.000410037
136900 0.000419272
137000 0.000427466
137100 0.000396408
137200 0.000157533
137300 0.000282737
137400 0.0004356
137500 0.00522417
137600 0.000451904
137700 0.000413017
137800 0.000340035
137900 0.000454373
138000 0.000507602
138100 0.000416083
138200 0.000418018
138300 0.000421889
138400 0.000402306
138500 0.000422153
138600 0.000433656
138700 0.000447621
138800 0.000417118
138900 0.000419864
139000 0.000416529
139100 0.000417893
139200 0.000421597
139300 0.000424496
139400 0.000421585
139500 0.000421661
139600 0.000419447
139700 0.000416452
139800 0.000553254
139900 0.000454175
140000 0.000468558
140100 0.000431623
140200 0.000447145
140300 0.00217824
140400 0.000421769
140500 0.000455856
140600 0.0004253
140700 0.000408706
140800 0.000404626
140900 0.000421409
141000 0.000459922
141100 0.000417715
141200 0.000438894
141300 0.00044032
141400 0.000420777
141500 0.000446042
141600 0.000227715
141700 0.000453934
141800 0.00521103
141900 0.000449923
142000 0.000473897
142100 0.000481931
142200 0.00452025
142300 0.000429143
142400 0.00078683
142500 0.000517856
142600 0.000444576
142700 0.000494519
142800 0.000477473
142900 0.00316941
143000 0.000543514
143100 0.000478111
143200 0.000573068
143300 0.000476529
143400 0.00046
143500 0.000289515
143600 0.000431256
143700 0.0011567
143800 0.000429242
143900 0.000472398
144000 0.000433964
144100 0.000430289
144200 0.000478606
144300 0.000481463
144400 0.000489767
144500 0.000490932
144600 0.000481499
144700 0.000463659
144800 0.000575547
144900 0.000211938
145000 0.000489143
145100 0.000508425
145200 0.00494986
145300 0.000502046
145400 0.000483757
145500 0.00478563
145600 0.000484744
145700 0.0004705
145800 0.000470822
145900 0.00510801
146000 0.000457786
146100 0.000440431
146200 0.000441574
146300 0.00032187
146400 0.000422813
146500 0.00045106
146600 0.0031745
146700 0.000443846
146800 0.000490069
146900 0.000448123
147000 0.000442827
147100 0.00050044
147200 0.000508355
147300 0.000490838
147400 0.000491506
147500 0.000493745
147600 0.00047078
147700 0.000474559
147800 0.00158221
147900 0.000478435
148000 0.000485739
148100 0.000482479
148200 0.000487126
148300 0.000479809
148400 0.000449907
148500 0.000478789
148600 0.000481347
148700 0.000453256
148800 0.000482911
148900 0.000461717
149000 0.000448387
149100 0.000480936
149200 0.000465673
149300 0.000520444
149400 0.000599918
149500 0.00046931
149600 0.000472635
149700 0.0005814
149800 0.000450649
149900 0.000438621
150000 0.000448763
150100 0.000423615
150200 0.0004213
150300 0.000506658
150400 0.000318672
150500 0.000465583
150600 0.000425311
150700 0.000456276
150800 0.00479047
150900 0.00044226
151000 0.000565024
151100 0.000506629
151200 0.000393252
151300 0.000471343
151400 0.000491925
151500 0.000452994
151600 0.000459709
151700 0.00050856
151800 0.000512136
151900 0.00448216
152000 0.000507226
152100 0.000523973
152200 0.000496316
152300 0.000531847
152400 0.000492333
152500 0.000493922
152600 0.000475353
152700 0.0004959
152800 0.000631286
152900 0.000523698
153000 0.000641711
153100 0.000529596
153200 0.000530909
153300 0.000538666
153400 0.000529714
153500 0.000514956
153600 0.000513386
153700 0.00299672
153800 0.000495787
153900 0.000497929
154000 0.000627497
154100 0.00053516
154200 0.000514425
154300 0.00049721
154400 0.000513934
154500 0.000496731
154600 0.000482733
154700 0.000474084
154800 0.000466651
154900 0.000510686
155000 0.000467415
155100 0.000504353
155200 0.000466695
155300 0.000467853
155400 0.000483784
155500 0.000562111
155600 0.000467251
155700 0.00058863
155800 0.00653317
155900 0.000553496
156000 0.000544656
156100 0.000539313
156200 0.000541493
156300 0.000520953
156400 0.0005231
156500 0.000512933
156600 0.000541354
156700 0.000470279
156800 0.000471362
156900 0.00045692
157000 0.000457622
157100 0.000446464
157200 0.000457673
157300 0.000536876
157400 0.00045872
157500 0.000488141
157600 0.000449378
157700 0.000499598
157800 0.000495264
157900 0.00047325
158000 0.000498692
158100 0.000492627
158200 0.000474172
158300 0.00490999
158400 0.00047608
158500 0.00386652
158600 0.000609344
158700 0.00202613
158800 0.000539605
158900 0.000509672
159000 0.000532628
159100 0.00514411
159200 0.000365874
159300 0.000530521
159400 0.000572131
159500 0.000532381
159600 0.00051105
159700 0.00175433
159800 0.000480724
159900 0.000480501
160000 0.000482287
160100 0.000537511
160200 0.000414054
160300 0.000497181
160400 0.000516714
160500 0.000518751
160600 0.000519703
160700 0.00048272
160800 0.000486817
160900 0.000488334
161000 0.000523635
161100 0.000558617
161200 0.000537765
161300 0.00582031
161400 0.000501515
161500 0.000514513
161600 0.000553757
161700 0.000485094
161800 0.000452531
161900 0.00833179
162000 0.000583223
162100 0.000520396
162200 0.000489336
162300 0.000544161
162400 0.000541657
162500 0.000537554
162600 0.000561221
162700 0.000655835
162800 0.000276318
162900 0.000561918
163000 0.000544207
163100 0.000557042
163200 0.000550667
163300 0.000526
163400 0.000520299
163500 0.000525812
163600 0.000526441
163700 0.000514221
163800 0.000493133
163900 0.00049412
164000 0.000478829
164100 0.000463231
164200 0.000462866
164300 0.000502515
164400 0.000486238
164500 0.0062486
164600 0.00055281
164700 0.000548821
164800 0.000555829
164900 0.000549309
165000 0.0064446
165100 0.000533642
165200 0.000570461
165300 0.000592467
165400 0.000533706
165500 0.000625056
165600 0.000504721
165700 0.000482333
165800 0.000516013
165900 0.000467687
166000 0.000581072
166100 0.000574717
166200 0.000559013
166300 0.000534629
166400 0.000535981
166500 0.000520481
166600 0.000578905
166700 0.000581452
166800 0.000581128
166900 0.00054165
167000 0.000262492
167100 0.010386
167200 0.00328776
167300 0.000519476
167400 0.000504202
167500 0.000486888
167600 0.00440186
167700 0.000489173
167800 0.00142193
167900 0.000504333
168000 0.000486826
168100 0.000567625
168200 0.000474536
168300 0.000488436
168400 0.000390276
168500 0.000565514
168600 0.00053953
168700 0.000548178
168800 0.000567086
168900 0.000544147
169000 0.000506362
169100 0.000563506
169200 0.000563916
169300 0.000566858
169400 0.00452986
169500 0.000563351
169600 0.000543694
169700 0.000530044
169800 0.000508625
169900 0.000510412
170000 0.000502515
170100 0.000495756
170200 0.000888572
170300 0.000495395
170400 0.000252934
170500 0.000510633
170600 0.000562325
170700 0.000551099
170800 0.000548732
170900 0.000532795
171000 0.000502437
171100 0.000537446
171200 0.000512927
171300 0.000567144
171400 0.00224823
171500 0.000571447
171600 0.000599952
171700 0.000579935
171800 0.000577147
171900 0.000676486
172000 0.0064737
172100 0.000617644
172200 0.00060531
172300 0.00470439
172400 0.000574868
172500 0.000417072
172600 0.000576342
172700 0.00046386
172800 0.000554478
172900 0.000526623
173000 0.000522812
173100 0.00267247
173200 0.000601218
173300 0.000597397
173400 0.000570023
173500 0.000559158
173600 0.000638341
173700 0.00057897
173800 0.000558373
173900 0.000591064
174000 0.000560105
174100 0.000584499
174200 0.000562783
174300 0.000562218
174400 0.000604658
174500 0.000606474
174600 0.000582591
174700 0.00076209
174800 0.000626454
174900 0.000615583
175000 0.000564152
175100 0.00058141
175200 0.00057318
175300 0.000682853
175400 0.000675154
175500 0.000589245
175600 0.000562671
175700 0.000246687
175800 0.000566309
175900 0.000956378
176000 0.000554615
176100 0.000569324
176200 0.000589341
176300 0.000700871
176400 0.00060991
176500 0.0053678
176600 0.000620545
176700 0.000381908
176800 0.000591133
176900 0.000589379
177000 0.000571187
177100 0.000569143
177200 0.000556547
177300 0.000531557
177400 0.00360329
177500 0.000545618
177600 0.000578089
177700 0.000567773
177800 0.00055593
177900 0.000577017
178000 0.000574132
178100 0.000572853
178200 0.00056277
178300 0.000461951
178400 0.000551252
178500 0.00750778
178600 0.0023679
178700 0.000562925
178800 0.000556285
178900 0.00296403
179000 0.000589424
179100 0.000576533
179200 0.000580093
179300 0.000585153
179400 0.000605908
179500 0.00061473
179600 0.000616699
179700 0.000602287
179800 0.000631601
179900 0.00596038
180000 0.000609098
180100 0.000604932
180200 0.00537646
180300 0.00625799
180400 0.000642666
180500 0.000675301
180600 0.00101656
180700 0.000605773
180800 0.000583316
180900 0.000549041
181000 0.000628966
181100 0.000781783
181200 0.000581793
181300 0.000683538
181400 0.000571147
181500 0.00497419
181600 0.000615078
181700 0.000639642
181800 0.0053564
181900 0.000612707
182000 0.000607744
182100 0.000458457
182200 0.000629189
182300 0.000301959
182400 0.000573685
182500 0.000618525
182600 0.000608386
182700 0.000608161
182800 0.00127636
182900 0.00468517
183000 0.000612971
183100 0.00459602
183200 0.000616872
183300 0.000587709
183400 0.000594126
183500 0.00528727
183600 0.000596573
183700 0.000617559
183800 0.00527808
183900 0.000591601
184000 0.000554507
184100 0.000432005
184200 0.000669644
184300 0.000598344
184400 0.00363463
184500 0.000627835
184600 0.00900597
184700 0.000619011
184800 0.00460931
184900 0.000623651
185000 0.000629928
185100 0.00466255
185200 0.000573354
185300 0.000958753
185400 0.0005401
185500 0.00459664
185600 0.000521668
185700 0.00510964
185800 0.000546257
185900 0.000534113
186000 0.000531237
186100 0.000550031
186200 0.000435915
186300 0.000568808
186400 0.000600716
186500 0.000597782
186600 0.00348495
186700 0.000601337
186800 0.000603582
186900 0.000569941
187000 0.000603262
187100 0.000650226
187200 0.000603954
187300 0.000612845
187400 0.000603044
187500 0.00063934
187600 0.000700706
187700 0.000588688
187800 0.000602292
187900 0.000605674
188000 0.000606384
188100 0.000609585
188200 0.000606846
188300 0.000635284
188400 0.000608364
188500 0.000442909
188600 0.00425614
188700 0.000619924
188800 0.000567333
188900 0.000740971
189000 0.000589015
189100 0.000615013
189200 0.000575559
189300 0.000609319
189400 0.000615631
189500 0.000961362
189600 0.000608391
189700 0.000616392
189800 0.000613661
189900 0.000604635
190000 0.000571977
190100 0.00283936
190200 0.000657886
190300 0.000608948
190400 0.000572111
190500 0.000618287
190600 0.000611516
190700 0.000574428
190800 0.00058603
190900 0.000628633
191000 0.000573364
191100 0.00135775
191200 0.000603979
191300 0.000650231
191400 0.000617091
191500 0.000598826
191600 0.000576067
191700 0.000597503
191800 0.00188286
191900 0.000679443
192000 0.000676252
192100 0.000620518
192200 0.000737542
192300 0.000673866
192400 0.000642093
192500 0.000645821
192600 0.000672592
192700 0.000652018
192800 0.00544329
192900 0.000673301
193000 0.00066875
193100 0.00066475
193200 0.000646428
193300 0.000647332
193400 0.000468922
193500 0.000740769
193600 0.000327618
193700 0.000630991
193800 0.00067257
193900 0.000654277
194000 0.00295787
194100 0.000768327
194200 0.00062577
194300 0.000652071
194400 0.00450816
194500 0.000649305
194600 0.000655881
194700 0.000655923
194800 0.000885197
194900 0.000687243
195000 0.000670123
195100 0.000670019
195200 0.000651229
195300 0.000657934
195400 0.000381183
195500 0.00660541
195600 0.00059077
195700 0.000569692
195800 0.00580514
195900 0.000568487
196000 0.000560017
196100 0.000580326
196200 0.000580237
196300 0.000655506
196400 0.000690344
196500 0.000654474
196600 0.000666492
196700 0.000937875
196800 0.000684002
196900 0.00456198
197000 0.000656944
197100 0.000655463
197200 0.00063849
197300 0.00354545
197400 0.000633378
197500 0.000593519
197600 0.00064047
197700 0.000624393
197800 0.000652247
197900 0.00858334
198000 0.000728725
198100 0.000691717
198200 0.000658354
198300 0.000760914
198400 0.000679305
198500 0.000688199
198600 0.000677616
198700 0.00067908
198800 0.00066323
198900 0.000351054
199000 0.00473517
199100 0.000638613
199200 0.000621907
199300 0.000738641
199400 0.000599039
199500 0.000583436
199600 0.000425971
199700 0.000561242
199800 0.000695756
199900 0.000450169
200000 0.000623746
200100 0.000600912
200200 0.000602811
200300 0.000580725
200400 0.000624812
200500 0.000627612
200600 0.000605591
200700 0.00423439
200800 0.00222259
200900 0.000621937
201000 0.000602833
201100 0.000537172
201200 0.000645603
201300 0.000605203
201400 0.000663811
201500 0.000675887
201600 0.000757688
201700 0.000663219
201800 0.000675255
201900 0.000768204
202000 0.000650695
202100 0.000674984
202200 0.00193115
202300 0.000724946
202400 0.000703582
202500 0.00067585
202600 0.000806042
202700 0.0046731
202800 0.000650798
202900 0.000706998
203000 0.000625597
203100 0.000339916
203200 0.000609517
203300 0.000653694
203400 0.000775489
203500 0.000633745
203600 0.000609425
203700 0.000618601
203800 0.000613224
203900 0.000613496
204000 0.000841037
204100 0.000665003
204200 0.000612841
204300 0.000613615
204400 0.000760411
204500 0.000598291
204600 0.000596282
204700 0.000604018
204800 0.000577418
204900 0.000669607
205000 0.000656052
205100 0.000662886
205200 0.000769126
205300 0.000639027
205400 0.000760352
205500 0.000734914
205600 0.00331395
205700 0.000601188
205800 0.000626333
205900 0.000713848
206000 0.0010169
206100 0.00482323
206200 0.000654146
206300 0.000660949
206400 0.000621078
206500 0.000687642
206600 0.000642281
206700 0.00071596
206800 0.000832939
206900 0.00598529
207000 0.00387674
207100 0.00066057
207200 0.000667121
207300 0.000623092
207400 0.000607907
207500 0.00064928
207600 0.000619035
207700 0.000692184
207800 0.000664329
207900 0.00062503
208000 0.000739741
208100 0.00453595
208200 0.000722886
208300 0.000627567
208400 0.000624855
208500 0.00124443
208600 0.000633081
208700 0.000708288
208800 0.000673103
208900 0.000674538
209000 0.000629409
209100 0.000679674
209200 0.000748171
209300 0.000628348
209400 0.000722907
209500 0.000436536
209600 0.000679362
209700 0.000676744
209800 0.000649383
209900 0.000675672
210000 0.000673416
210100 0.000629812
210200 0.00075697
210300 0.000675693
210400 0.000517815
210500 0.000716554
210600 0.000766203
210700 0.000709343
210800 0.000677452
210900 0.000678437
211000 0.000678203
211100 0.00262372
211200 0.000689395
211300 0.000690622
211400 0.000754128
211500 0.000886576
211600 0.000727018
211700 0.000721579
211800 0.000706441
211900 0.000704449
212000 0.000690188
212100 0.00073233
212200 0.000696335
212300 0.000624533
212400 0.00558272
212500 0.000711016
212600 0.000683221
212700 0.000710004
212800 0.00433272
212900 0.000710303
213000 0.000740798
213100 0.000518444
213200 0.000671099
213300 0.0044741
213400 0.000639411
213500 0.000622838
213600 0.000621373
213700 0.000654994
213800 0.00072858
213900 0.000712809
214000 0.000808346
214100 0.000688942
214200 0.000640683
214300 0.000690098
214400 0.000666382
214500 0.000647013
214600 0.000672039
214700 0.000706553
214800 0.000399484
214900 0.000704609
215000 0.000815457
215100 0.000703409
215200 0.000762299
215300 0.000646518
215400 0.000700234
215500 0.000666896
215600 0.00061035
215700 0.000610545
215800 0.000437592
215900 0.000704618
216000 0.000820987
216100 0.000921431
216200 0.0010362
216300 0.00473122
216400 0.000676825
216500 0.000617256
216600 0.000747279
216700 0.000654356
216800 0.000656365
216900 0.000652644
217000 0.000758117
217100 0.00441385
217200 0.000841272
217300 0.000724784
217400 0.000720097
217500 0.00217123
217600 0.00458421
217700 0.000812386
217800 0.000681856
217900 0.000580915
218000 0.000634011
218100 0.000612895
218200 0.000639206
218300 0.00296261
218400 0.000758508
218500 0.000396579
218600 0.000700695
218700 0.000707657
218800 0.000655711
218900 0.000565024
219000 0.00071948
219100 0.00477578
219200 0.000705436
219300 0.00212738
219400 0.00111462
219500 0.000762329
219600 0.000734468
219700 0.00073596
219800 0.000734976
219900 0.000748587
220000 0.000750793
220100 0.000788223
220200 0.000742825
220300 0.00068828
220400 0.00210796
220500 0.000661553
220600 0.000668666
220700 0.000714405
220800 0.000494408
220900 0.000634435
221000 0.000806504
221100 0.000714181
221200 0.00566744
221300 0.000708321
221400 0.000666001
221500 0.000667391
221600 0.000665368
221700 0.00607443
221800 0.000733596
221900 0.00725285
222000 0.000792209
222100 0.000714163
222200 0.000808444
222300 0.000688669
222400 0.000690498
222500 0.00068062
222600 0.000667492
222700 0.000738016
222800 0.000718799
222900 0.000459865
223000 0.000725872
223100 0.000720174
223200 0.000673969
223300 0.00432248
223400 0.000708116
223500 0.000677698
223600 0.000792057
223700 0.00109728
223800 0.0007599
223900 0.000719545
224000 0.00453358
224100 0.000703239
224200 0.000876301
224300 0.000653173
224400 0.000823224
224500 0.000747275
224600 0.000675232
224700 0.000698619
224800 0.000688196
224900 0.00109401
225000 0.000912607
225100 0.000687183
225200 0.000657031
225300 0.0052878
225400 0.00171747
225500 0.000807542
225600 0.00079881
225700 0.00075691
225800 0.00076013
225900 0.000754408
226000 0.00126696
226100 0.000686238
226200 0.000696166
226300 0.000663159
226400 0.000663109
226500 0.000683388
226600 0.000725696
226700 0.000680441
226800 0.000670184
226900 0.000812614
227000 0.000711697
227100 0.000706328
227200 0.00069718
227300 0.000706561
227400 0.000769153
227500 0.00536763
227600 0.00522122
227700 0.000789494
227800 0.000939601
227900 0.00475119
228000 0.000791507
228100 0.000780212
228200 0.000865626
228300 0.000747547
228400 0.000829859
228500 0.000759537
228600 0.00537314
228700 0.000733193
228800 0.000711201
228900 0.000693009
229000 0.000667434
229100 0.000427001
229200 0.00448091
229300 0.000666967
229400 0.000665037
229500 0.00065102
229600 0.000685548
229700 0.000699146
229800 0.00612602
229900 0.000717362
230000 0.000693965
230100 0.000690485
230200 0.000671095
230300 0.000694528
230400 0.000692028
230500 0.000875846
230600 0.000701866
230700 0.000696075
230800 0.000377166
230900 0.000696599
231000 0.000788531
231100 0.000747456
231200 0.000716902
231300 0.000755772
231400 0.00477128
231500 0.000742409
231600 0.000728498
231700 0.000491841
231800 0.00226423
231900 0.00302144
232000 0.000761941
232100 0.000753376
232200 0.000779465
232300 0.000778145
232400 0.000772741
232500 0.000776037
232600 0.000656554
232700 0.000745076
232800 0.00367192
232900 0.000783163
233000 0.000938725
233100 0.000776122
233200 0.000785292
233300 0.000786931
233400 0.000755196
233500 0.000731313
233600 0.00721622
233700 0.00076182
233800 0.000753678
233900 0.00530514
234000 0.000816668
234100 0.000783369
234200 0.000916985
234300 0.000755707
234400 0.000764727
234500 0.000848806
234600 0.000795377
234700 0.00078273
234800 0.00788381
234900 0.000787749
235000 0.000755828
235100 0.000761791
235200 0.000640726
235300 0.000730079
235400 0.000873356
235500 0.000843627
235600 0.000863731
235700 0.000826993
235800 0.00505926
235900 0.000482151
236000 0.000818313
236100 0.00503249
236200 0.0015971
236300 0.000764807
236400 0.000734909
236500 0.000707865
236600 0.000710029
236700 0.000736325
236800 0.000763362
236900 0.000773857
237000 0.000821455
237100 0.00430143
237200 0.000836647
237300 0.000720691
237400 0.00072037
237500 0.000714133
237600 0.000717774
237700 0.000555401
237800 0.00547743
237900 0.000556539
238000 0.000764621
238100 0.00077307
238200 0.000795063
238300 0.00492638
238400 0.00079401
238500 0.000764031
238600 0.00461198
238700 0.000754211
238800 0.000794913
238900 0.000693479
239000 0.000774223
239100 0.00077274
239200 0.000804581
239300 0.000830327
239400 0.000801285
239500 0.000594474
239600 0.000799775
239700 0.000814524
239800 0.000509794
239900 0.00545276
240000 0.00079753
240100 0.000772137
240200 0.000774083
240300 0.000776776
240400 0.00237355
240500 0.00560124
240600 0.000529202
240700 0.000807963
240800 0.000828074
240900 0.000780599
241000 0.000742082
241100 0.000907589
241200 0.000873364
241300 0.00693605
241400 0.000730899
241500 0.000731702
241600 0.00483845
241700 0.000681831
241800 0.000680972
241900 0.000690744
242000 0.000729375
242100 0.000795457
242200 0.00073165
242300 0.000769786
242400 0.000792243
242500 0.000755565
242600 0.000728391
242700 0.000797174
242800 0.00771469
242900 0.00441647
243000 0.000786522
243100 0.000881483
243200 0.00184394
243300 0.000786604
243400 0.000801657
243500 0.00542466
243600 0.000816676
243700 0.000796175
243800 0.000914931
243900 0.00090554
244000 0.000858544
244100 0.000815746
244200 0.000800019
244300 0.000827941
244400 0.000814574
244500 0.00446731
244600 0.00082237
244700 0.00483253
244800 0.000788348
244900 0.000787144
245000 0.000819234
245100 0.000786017
245200 0.000791547
245300 0.000763902
245400 0.0007505
245500 0.00736202
245600 0.000833295
245700 0.000825101
245800 0.000817434
245900 0.000791446
246000 0.000796536
246100 0.000793978
246200 0.000794926
246300 0.000766753
246400 0.000767408
246500 0.000827152
246600 0.000826334
246700 0.000834488
246800 0.00472558
246900 0.00092038
247000 0.000794029
247100 0.0057716
247200 0.00766793
247300 0.000830725
247400 0.000800426
247500 0.000890029
247600 0.000794668
247700 0.000874312
247800 0.000801874
247900 0.000868307
248000 0.000522394
248100 0.00470904
248200 0.00110864
248300 0.00080041
248400 0.000775928
248500 0.0013532
248600 0.000772533
248700 0.000768756
248800 0.00484127
248900 0.000774636
249000 0.000752814
249100 0.000756404
249200 0.00321688
249300 0.00080496
249400 0.000417588
249500 0.000928908
249600 0.00087498
249700 0.00108152
249800 0.0037996
249900 0.000840857
250000 0.000851125
250100 0.00724357
250200 0.000745221
250300 0.00871382
250400 0.00281146
250500 0.000807567
250600 0.000816026
250700 0.00091166
250800 0.000751398
250900 0.000745155
251000 0.000745612
251100 0.000950347
251200 0.000844024
251300 0.00735918
251400 0.00226598
251500 0.000884296
251600 0.000849869
251700 0.000858423
251800 0.000844928
251900 0.000636109
252000 0.00481601
252100 0.000805412
252200 0.000824886
252300 0.000861923
252400 0.000874111
252500 0.00108972
252600 0.000855031
252700 0.000845896
252800 0.000859061
252900 0.000838979
253000 0.000852297
253100 0.000819104
253200 0.00661986
253300 0.000816876
253400 0.00337403
253500 0.0008588
253600 0.0017144
253700 0.000799437
253800 0.000881224
253900 0.00087618
254000 0.000828741
254100 0.00357257
254200 0.00370297
254300 0.000863473
254400 0.000943995
254500 0.00685505
254600 0.000830219
254700 0.000823373
254800 0.000824006
254900 0.00509896
255000 0.000868932
255100 0.00881372
255200 0.000795123
255300 0.000929304
255400 0.00598151
255500 0.00499057
255600 0.000825647
255700 0.000796292
255800 0.00045866
255900 0.000826496
256000 0.000794337
256100 0.000778128
256200 0.00096031
256300 0.00857568
256400 0.000885405
256500 0.000861072
256600 0.000980737
256700 0.00316725
256800 0.000797054
256900 0.00372223
257000 0.00079925
257100 0.000801938
257200 0.000832439
257300 0.000897973
257400 0.000892083
257500 0.000956951
257600 0.000642306
257700 0.000804546
257800 0.000877781
257900 0.000391399
258000 0.00468387
258100 0.000829588
258200 0.000899962
258300 0.000833524
258400 0.000888874
258500 0.000735577
258600 0.000920244
258700 0.00104926
258800 0.00437248
258900 0.000906906
259000 0.000783535
259100 0.00366829
259200 0.00328653
259300 0.000869945
259400 0.000871659
259500 0.000855592
259600 0.000769307
259700 0.000689623
259800 0.000846851
259900 0.000844747
260000 0.00307964
260100 0.00131795
260200 0.00174196
260300 0.000869341
260400 0.00087104
260500 0.00108443
260600 0.000941414
260700 0.0161696
260800 0.000916326
260900 0.000801905
261000 0.00108515
261100 0.000841521
261200 0.000922116
261300 0.000842556
261400 0.000875443
261500 0.00100653
261600 0.000624645
261700 0.000909375
261800 0.00366702
261900 0.000995469
262000 0.00107357
262100 0.000871913
262200 0.000854796
262300 0.000848442
262400 0.000851583
262500 0.00460927
262600 0.00082036
262700 0.000828078
262800 0.00264324
262900 0.00090791
263000 0.0128265
263100 0.000922217
263200 0.000555865
263300 0.00617502
263400 0.000887759
263500 0.000884053
263600 0.00084356
263700 0.000914891
263800 0.0036354
263900 0.000773229
264000 0.00474652
264100 0.00515654
264200 0.000914412
264300 0.000939263
264400 0.000886711
264500 0.000886178
264600 0.000897848
264700 0.000884931
264800 0.000884979
264900 0.000948478
265000 0.000811385
265100 0.00569338
265200 0.0050283
265300 0.00590392
265400 0.000799501
265500 0.000435095
265600 0.000807213
265700 0.000879283
265800 0.000893039
265900 0.000909737
266000 0.000937974
266100 0.000925499
266200 0.000889909
266300 0.00095675
266400 0.000893296
266500 0.0027525
266600 0.00548011
266700 0.000943569
266800 0.00151877
266900 0.00085888
267000 0.0124177
267100 0.00425531
267200 0.00089194
267300 0.00153174
267400 0.00101654
267500 0.000964032
267600 0.000900061
267700 0.00430821
267800 0.000891305
267900 0.000862039
268000 0.0056491
268100 0.00507857
268200 0.00507672
268300 0.000927928
268400 0.000900721
268500 0.000902317
268600 0.00489356
268700 0.000915986
268800 0.000880277
268900 0.00449648
269000 0.000871314
269100 0.000871014
269200 0.00099392
269300 0.00489958
269400 0.000840438
269500 0.00291128
269600 0.00653055
269700 0.000931775
269800 0.00202257
269900 0.000904012
270000 0.000912988
270100 0.00498841
270200 0.000873426
270300 0.000870265
270400 0.000890106
270500 0.00384624
270600 0.000884775
270700 0.000883306
270800 0.000507316
270900 0.000942785
271000 0.00382303
271100 0.00435346
271200 0.000918162
271300 0.000999221
271400 0.00479809
271500 0.000909767
271600 0.000904186
271700 0.000889572
271800 0.00660025
271900 0.000878878
272000 0.00942552
272100 0.000990679
272200 0.000944132
272300 0.00116409
272400 0.00236888
272500 0.00101029
272600 0.000919446
272700 0.00095148
272800 0.00091601
272900 0.000972544
273000 0.0027054
273100 0.000919565
273200 0.000795131
273300 0.00793361
273400 0.000820035
273500 0.000878935
273600 0.000816971
273700 0.000825204
273800 0.00636877
273900 0.000880522
274000 0.000885559
274100 0.0048212
274200 0.000880783
274300 0.000915642
274400 0.000930444
274500 0.00089138
274600 0.00850803
274700 0.000894602
274800 0.000886137
274900 0.000879759
275000 0.000887708
275100 0.00085135
275200 0.000960213
275300 0.000856575
275400 0.000831566
275500 0.000834026
275600 0.0047954
275700 0.000900225
275800 0.000812141
275900 0.00565358
276000 0.00085533
276100 0.0144051
276200 0.000890501
276300 0.00101666
276400 0.00858818
276500 0.000833041
276600 0.000994092
276700 0.000870499
276800 0.000798277
276900 0.000849112
277000 0.00355877
277100 0.00100596
277200 0.00392486
277300 0.000874032
277400 0.000809189
277500 0.00486416
277600 0.000934311
277700 0.000937535
277800 0.00511467
277900 0.00167397
278000 0.000930429
278100 0.00763057
278200 0.00092282
278300 0.000899697
278400 0.00441458
278500 0.00706475
278600 0.000904953
278700 0.000930852
278800 0.000839329
278900 0.000811871
279000 0.000572554
279100 0.000969484
279200 0.00106971
279300 0.000949575
279400 0.000909055
279500 0.00553804
279600 0.000936587
279700 0.00371955
279800 0.000907767
279900 0.00557061
280000 0.00521526
280100 0.000844764
280200 0.000945463
280300 0.00594773
280400 0.00084896
280500 0.000883697
280600 0.000903269
280700 0.000906868
280800 0.000992097
280900 0.000942622
281000 0.0062055
281100 0.000950492
281200 0.000907662
281300 0.00679526
281400 0.000908623
281500 0.00095405
281600 0.00270511
281700 0.000910312
281800 0.000905434
281900 0.000811762
282000 0.00125602
282100 0.000612973
282200 0.000604522
282300 0.000907583
282400 0.00451674
282500 0.00692624
282600 0.00247473
282700 0.00103885
282800 0.000946557
282900 0.000950653
283000 0.000987512
283100 0.000949066
283200 0.00753358
283300 0.00101087
283400 0.000947048
283500 0.000587544
283600 0.000967734
283700 0.00119041
283800 0.00103984
283900 0.000909045
284000 0.000915196
284100 0.00102363
284200 0.000959574
284300 0.000938268
284400 0.000989783
284500 0.00105801
284600 0.000953623
284700 0.000923096
284800 0.000957885
284900 0.00097898
285000 0.000899836
285100 0.00092542
285200 0.000965165
285300 0.0010206
285400 0.00125321
285500 0.000827024
285600 0.00643526
285700 0.00481131
285800 0.000960354
285900 0.000960856
286000 0.00350689
286100 0.00951116
286200 0.000989703
286300 0.000994937
286400 0.00100191
286500 0.000842916
286600 0.00546163
286700 0.000924203
286800 0.00544435
286900 0.000477729
287000 0.00086025
287100 0.000838235
287200 0.00085208
287300 0.000840014
287400 0.0048433
287500 0.00522374
287600 0.00420169
287700 0.00111443
287800 0.000939733
287900 0.00466111
288000 0.000945953
288100 0.000925823
288200 0.000989422
288300 0.00121689
288400 0.000936499
288500 0.00104284
288600 0.000932035
288700 0.0042918
288800 0.000974407
288900 0.00496154
289000 0.000963852
289100 0.00104309
289200 0.000944214
289300 0.00094495
289400 0.000934332
289500 0.00414966
289600 0.00112232
289700 0.00304602
289800 0.00120532
289900 0.00122582
290000 0.000974521
290100 0.00102088
290200 0.000970356
290300 0.000934651
290400 0.00144599
290500 0.00553055
290600 0.000932633
290700 0.00647794
290800 0.00463266
290900 0.000962371
291000 0.000945452
291100 0.000912603
291200 0.000664961
291300 0.00601187
291400 0.000946284
291500 0.00578828
291600 0.00492591
291700 0.00100439
291800 0.000902482
291900 0.000954057
292000 0.00100385
292100 0.000985935
292200 0.00377827
292300 0.000977839
292400 0.00095018
292500 0.000959312
292600 0.000939575
292700 0.000947106
292800 0.00583726
292900 0.000977981
293000 0.00108652
293100 0.000990847
293200 0.00375522
293300 0.000949945
293400 0.000951452
293500 0.000824551
293600 0.000949318
293700 0.00103847
293800 0.00619468
293900 0.0059333
294000 0.00102199
294100 0.00100873
294200 0.000991486
294300 0.000988755
294400 0.000957881
294500 0.000919516
294600 0.00358545
294700 0.00524409
294800 0.000928385
294900 0.00092695
295000 0.00969972
295100 0.00532619
295200 0.00533166
295300 0.00484191
295400 0.00475533
295500 0.000951701
295600 0.000894487
295700 0.00126938
295800 0.000893616
295900 0.0010037
296000 0.000940609
296100 0.00142591
296200 0.000871513
296300 0.000970682
296400 0.0010569
296500 0.000955392
296600 0.00529527
296700 0.000991002
296800 0.000961915
296900 0.00477599
297000 0.000961052
297100 0.000955775
297200 0.000970716
297300 0.000903611
297400 0.000983288
297500 0.00100379
297600 0.000961636
297700 0.00088909
297800 0.00101043
297900 0.00100027
298000 0.000959832
298100 0.00416515
298200 0.00106524
298300 0.00095982
298400 0.00117488
298500 0.00467853
298600 0.000971241
298700 0.00371974
298800 0.00071128
298900 0.00107939
299000 0.0010121
299100 0.000990903
299200 0.0066354
299300 0.00457906
299400 0.0009906
299500 0.00101242
299600 0.0054974
299700 0.00616298
299800 0.00507172
299900 0.00449379
300000 0.00786536
