100 3.3531e-05
200 2.4234e-05
300 3.3423e-05
400 4.1598e-05
500 4.959e-05
600 6.869e-05
700 6.4164e-05
800 6.2919e-05
900 7.097e-05
1000 7.5627e-05
1100 8.2796e-05
1200 8.7462e-05
1300 9.4797e-05
1400 0.000103819
1500 0.000242577
1600 0.000121552
1700 0.000128523
1800 0.000142934
1900 0.000151927
2000 0.000163424
2100 2.5403e-05
2200 0.000172677
2300 0.000179973
2400 0.000165746
2500 1.5941e-05
2600 0.000200511
2700 0.000210552
2800 0.00021012
2900 0.000209696
3000 0.00185941
3100 0.000350832
3200 0.000273699
3300 0.000235874
3400 0.000286858
3500 0.000250183
3600 0.000274097
3700 0.000282704
3800 0.000294128
3900 0.000301807
4000 0.000298525
4100 0.000281527
4200 0.000334568
4300 0.00234728
4400 0.000339014
4500 0.00450125
4600 0.00037476
4700 0.000245838
4800 0.000434704
4900 0.000346297
5000 0.000401772
5100 0.000371428
5200 0.000395024
5300 0.000431328
5400 0.000439984
5500 0.000415574
5600 0.000426358
5700 0.000428801
5800 0.000422048
5900 0.000428927
6000 0.000739507
6100 0.000463995
6200 0.000451511
6300 0.000487219
6400 0.00046762
6500 0.000526927
6600 0.000479019
6700 0.000489055
6800 0.000569062
6900 0.000582144
7000 0.000558143
7100 0.000485182
7200 0.000548113
7300 0.000529847
7400 0.000521679
7500 0.000559619
7600 0.000598881
7700 0.000549457
7800 0.00430616
7900 0.000560413
8000 0.000614034
8100 0.000679777
8200 0.000693275
8300 0.000664714
8400 0.000683717
8500 0.00081411
8600 0.000637704
8700 0.00433065
8800 0.000655868
8900 0.000746686
9000 0.00556194
9100 0.000751517
9200 0.000733769
9300 0.000650995
9400 0.000768035
9500 0.00205937
9600 0.000713183
9700 0.00475097
9800 0.000736558
9900 0.000710744
10000 0.00071467
10100 0.000728302
10200 0.000762041
10300 0.000715412
10400 0.000774728
10500 0.000770085
10600 0.000811915
10700 0.00078364
10800 0.000873622
10900 0.000505222
11000 0.000749009
11100 0.000759934
11200 0.000820223
11300 0.0008202
11400 0.00105625
11500 0.000786158
11600 0.000915354
11700 0.000954285
11800 0.000836596
11900 0.00268262
12000 0.0044348
12100 0.0135145
12200 0.0021248
12300 0.00486114
12400 0.000936932
12500 0.000881754
12600 0.000948665
12700 0.000971301
12800 0.00105694
12900 0.000884386
13000 0.000872886
13100 0.000925006
13200 0.000920913
13300 0.00100886
13400 0.00533514
13500 0.0128251
13600 0.00510596
13700 0.000972988
13800 0.00107103
13900 0.0010637
14000 0.00109632
14100 0.00456343
14200 0.00106135
14300 0.00099764
14400 0.00657482
14500 0.00674214
14600 0.00108071
14700 0.00129468
14800 0.00471861
14900 0.000926879
15000 0.00107797
15100 0.00120214
15200 0.0011553
15300 0.00116767
15400 0.00109039
15500 0.00595721
15600 0.00522241
15700 0.00115168
15800 0.00523197
15900 0.00107776
16000 0.00124128
16100 0.00108965
16200 0.00109987
16300 0.00101593
16400 0.00121542
16500 0.0152682
16600 0.00874252
16700 0.00566595
16800 0.00555188
16900 0.00338628
17000 0.00120124
17100 0.0012023
17200 0.00126652
17300 0.000786749
17400 0.00139999
17500 0.00126454
17600 0.00125523
17700 0.00650798
17800 0.0173411
17900 0.00137373
18000 0.00138713
18100 0.00118715
18200 0.00129677
18300 0.00132661
18400 0.00135908
18500 0.00589193
18600 0.00144412
18700 0.00147593
18800 0.00132624
18900 0.0012538
19000 0.00149233
19100 0.0133426
19200 0.00144704
19300 0.00140545
19400 0.00147796
19500 0.00144188
19600 0.00154076
19700 0.00141344
19800 0.00134202
19900 0.00138425
20000 0.00144571
20100 0.00145397
20200 0.00135759
20300 0.00149401
20400 0.0184121
20500 0.00844758
20600 0.00176356
20700 0.00552062
20800 0.00133316
20900 0.00181114
21000 0.00142281
21100 0.00551816
21200 0.00155329
21300 0.00730698
21400 0.00581294
21500 0.00560005
21600 0.00156392
21700 0.00543439
21800 0.00154437
21900 0.00180896
22000 0.00157573
22100 0.00156552
22200 0.00154733
22300 0.00614296
22400 0.00529123
22500 0.00550759
22600 0.007216
22700 0.00179615
22800 0.00397137
22900 0.00149984
23000 0.00436696
23100 0.00597277
23200 0.00582611
23300 0.00184237
23400 0.00590856
23500 0.00586024
23600 0.00169387
23700 0.00746241
23800 0.0018261
23900 0.0188796
24000 0.00861492
24100 0.0070375
24200 0.00573504
24300 0.00568026
24400 0.00678258
24500 0.00263095
24600 0.00354782
24700 0.00707312
24800 0.00998482
24900 0.00210713
25000 0.00394311
25100 0.00234897
25200 0.00201138
25300 0.00764471
25400 0.0020091
25500 0.0020436
25600 0.00213567
25700 0.00208169
25800 0.00579776
25900 0.00278649
26000 0.00190638
26100 0.0112215
26200 0.00952139
26300 0.00652932
26400 0.00597794
26500 0.00172489
26600 0.00681862
26700 0.00203228
26800 0.00845524
26900 0.00499607
27000 0.0183182
27100 0.00235568
27200 0.00676893
27300 0.00169669
27400 0.0055751
27500 0.00188572
27600 0.00203974
27700 0.0061097
27800 0.00621074
27900 0.0021881
28000 0.00244482
28100 0.00229079
28200 0.00964395
28300 0.00233238
28400 0.00222892
28500 0.00596694
28600 0.00964582
28700 0.00614311
28800 0.00380732
28900 0.00444902
29000 0.0131223
29100 0.00558944
29200 0.0022331
29300 0.00612565
29400 0.00632794
29500 0.00561896
29600 0.00500582
29700 0.00665868
29800 0.00231644
29900 0.00686504
30000 0.00240168
30100 0.00737622
30200 0.0073862
30300 0.00608049
30400 0.0071938
30500 0.00252066
30600 0.00569042
30700 0.00703463
30800 0.00520097
30900 0.0087595
31000 0.00599811
31100 0.00789406
31200 0.00714338
31300 0.00215675
31400 0.0069153
31500 0.0063943
31600 0.00265865
31700 0.00803073
31800 0.00585704
31900 0.00566456
32000 0.0205784
32100 0.00216967
32200 0.00228927
32300 0.00759304
32400 0.00235126
32500 0.00188444
32600 0.00610161
32700 0.00714542
32800 0.00624746
32900 0.00857609
33000 0.0160688
33100 0.00670597
33200 0.0063971
33300 0.0086899
33400 0.0060752
33500 0.00897708
33600 0.00696847
33700 0.00711604
33800 0.00289868
33900 0.00231872
34000 0.00248557
34100 0.00946723
34200 0.00218991
34300 0.00617061
34400 0.00652435
34500 0.00596085
34600 0.00663156
34700 0.00352184
34800 0.0024842
34900 0.0185769
35000 0.0063973
35100 0.0061918
35200 0.0023525
35300 0.00608569
35400 0.00979592
35500 0.0141407
35600 0.00727791
35700 0.00226188
35800 0.00250478
35900 0.00595805
36000 0.0130857
36100 0.00653745
36200 0.0190751
36300 0.00207098
36400 0.00803379
36500 0.0089303
36600 0.0101301
36700 0.0156842
36800 0.00258413
36900 0.0066709
37000 0.0102073
37100 0.0068819
37200 0.00245491
37300 0.00766026
37400 0.00670152
37500 0.00254821
37600 0.00774644
37700 0.0141876
37800 0.0103607
37900 0.00274526
38000 0.00239949
38100 0.0065509
38200 0.00633052
38300 0.00603037
38400 0.00761475
38500 0.0104014
38600 0.00655754
38700 0.00687628
38800 0.0114552
38900 0.00758306
39000 0.00697657
39100 0.00227734
39200 0.00278877
39300 0.00975658
39400 0.00439599
39500 0.0238007
39600 0.00283928
39700 0.0128304
39800 0.00757609
39900 0.00624961
40000 0.00281031
40100 0.00675766
40200 0.00272964
40300 0.00296066
40400 0.0143983
40500 0.00728647
40600 0.00442195
40700 0.00739639
40800 0.007113
40900 0.00285739
41000 0.00666662
41100 0.00760679
41200 0.00280912
41300 0.00732647
41400 0.0115665
41500 0.00709193
41600 0.00697126
41700 0.00740968
41800 0.011616
41900 0.00287542
42000 0.00719472
42100 0.00690507
42200 0.0186711
42300 0.00656515
42400 0.0093812
42500 0.00754488
42600 0.00296796
42700 0.00700298
42800 0.00822808
42900 0.0088347
43000 0.00889986
43100 0.00679722
43200 0.00717888
43300 0.0106671
43400 0.0132101
43500 0.0146182
43600 0.0070945
43700 0.00294759
43800 0.00346036
43900 0.0141576
44000 0.0031475
44100 0.0101836
44200 0.00821413
44300 0.00317632
44400 0.00451485
44500 0.00734229
44600 0.0154948
44700 0.00332634
44800 0.0103519
44900 0.00446855
45000 0.0106104
45100 0.00313296
45200 0.00704543
45300 0.00693998
45400 0.0204818
45500 0.00757623
45600 0.0075528
45700 0.00828088
45800 0.0117785
45900 0.00885924
46000 0.00777828
46100 0.0089754
46200 0.00861202
46300 0.00718041
46400 0.00908457
46500 0.00675262
46600 0.0111125
46700 0.00282503
46800 0.00716103
46900 0.00668308
47000 0.00870893
47100 0.00317194
47200 0.00948961
47300 0.00704507
47400 0.0071437
47500 0.0105772
47600 0.00731741
47700 0.00926489
47800 0.0109249
47900 0.00652644
48000 0.008066
48100 0.0112104
48200 0.00835605
48300 0.0032566
48400 0.0165954
48500 0.00912965
48600 0.00794409
48700 0.00431171
48800 0.00693591
48900 0.00783297
49000 0.00405363
49100 0.00845678
49200 0.0214751
49300 0.00295259
49400 0.00833691
49500 0.00732066
49600 0.00796766
49700 0.00742978
49800 0.00323973
49900 0.00689349
50000 0.0142405
50100 0.0076923
50200 0.00879922
50300 0.00747444
50400 0.00716573
50500 0.0156538
50600 0.00740022
50700 0.0202087
50800 0.0110439
50900 0.00410044
51000 0.0122652
51100 0.00924089
51200 0.00799558
51300 0.00715801
51400 0.00751747
51500 0.0251497
51600 0.00841617
51700 0.00972743
51800 0.00720509
51900 0.00741538
52000 0.00756979
52100 0.00778466
52200 0.0171445
52300 0.00864506
52400 0.0131905
52500 0.00350127
52600 0.00869237
52700 0.00734909
52800 0.00735947
52900 0.00399919
53000 0.00811074
53100 0.00942141
53200 0.00362081
53300 0.0127349
53400 0.00814548
53500 0.00395944
53600 0.00818853
53700 0.00568107
53800 0.00803703
53900 0.0117569
54000 0.00889037
54100 0.0129845
54200 0.00954096
54300 0.00791259
54400 0.0176856
54500 0.0041351
54600 0.00783806
54700 0.0147466
54800 0.00881994
54900 0.0090537
55000 0.00861287
55100 0.00868162
55200 0.0124026
55300 0.00762116
55400 0.00803719
55500 0.00764865
55600 0.00993438
55700 0.00997913
55800 0.00712916
55900 0.0237312
56000 0.00576747
56100 0.0104933
56200 0.00799679
56300 0.00779433
56400 0.00912428
56500 0.00787793
56600 0.0235202
56700 0.00830089
56800 0.0124119
56900 0.00384174
57000 0.0143846
57100 0.0128313
57200 0.00810421
57300 0.017928
57400 0.0112307
57500 0.00843625
57600 0.00842976
57700 0.00366157
57800 0.0102527
57900 0.0084824
58000 0.0232385
58100 0.00774733
58200 0.0124221
58300 0.0134367
58400 0.00750472
58500 0.00882561
58600 0.0079776
58700 0.0167472
58800 0.0114478
58900 0.0125903
59000 0.008116
59100 0.00564959
59200 0.0111987
59300 0.00400383
59400 0.00859369
59500 0.00387338
59600 0.015668
59700 0.0109743
59800 0.00843804
59900 0.0116469
60000 0.0105744
60100 0.0168381
60200 0.00754118
60300 0.0113909
60400 0.00879974
60500 0.00963046
60600 0.0200873
60700 0.00953634
60800 0.011002
60900 0.00803379
61000 0.013122
61100 0.0126405
61200 0.0126328
61300 0.0160809
61400 0.00955488
61500 0.0130837
61600 0.012044
61700 0.00873389
61800 0.0232379
61900 0.0156628
62000 0.0128393
62100 0.0088223
62200 0.0120452
62300 0.0310353
62400 0.00827653
62500 0.00831679
62600 0.0124124
62700 0.014571
62800 0.0120763
62900 0.00447138
63000 0.00869622
63100 0.00987383
63200 0.0090722
63300 0.00835619
63400 0.00419476
63500 0.026397
63600 0.00883996
63700 0.00841331
63800 0.00789735
63900 0.0166255
64000 0.0126704
64100 0.0121584
64200 0.0130534
64300 0.015155
64400 0.0119926
64500 0.00825562
64600 0.00825205
64700 0.0252051
64800 0.0123419
64900 0.0088128
65000 0.00914508
65100 0.00933983
65200 0.00859503
65300 0.0247228
65400 0.0123422
65500 0.0184572
65600 0.0130826
65700 0.00884764
65800 0.00840305
65900 0.0159958
66000 0.00880182
66100 0.00958768
66200 0.00923805
66300 0.0104888
66400 0.0122009
66500 0.012599
66600 0.0116523
66700 0.00870594
66800 0.0128235
66900 0.00408013
67000 0.00838144
67100 0.0295703
67200 0.00836089
67300 0.0141975
67400 0.0148427
67500 0.00913495
67600 0.0128998
67700 0.00913724
67800 0.0160167
67900 0.0138019
68000 0.0121931
68100 0.013061
68200 0.0105917
68300 0.0163584
68400 0.0125712
68500 0.011759
68600 0.0143973
68700 0.0118935
68800 0.00888522
68900 0.0143853
69000 0.0178852
69100 0.0083748
69200 0.0166854
69300 0.0127146
69400 0.0141869
69500 0.0204462
69600 0.00834321
69700 0.0112945
69800 0.01278
69900 0.00911875
70000 0.00966593
70100 0.0224402
70200 0.00925312
70300 0.00798408
70400 0.0129931
70500 0.0110998
70600 0.00866494
70700 0.0241536
70800 0.0087677
70900 0.0166391
71000 0.0104217
71100 0.0131456
71200 0.0157064
71300 0.0127532
71400 0.00466554
71500 0.0144228
71600 0.00966502
71700 0.0153354
71800 0.0151579
71900 0.00896496
72000 0.0199951
72100 0.0120502
72200 0.00868805
72300 0.0139304
72400 0.0203747
72500 0.00895805
72600 0.0123369
72700 0.0151303
72800 0.00934382
72900 0.00827235
73000 0.00833165
73100 0.0174349
73200 0.00842377
73300 0.0093614
73400 0.0106865
73500 0.0156539
73600 0.0129648
73700 0.00656303
73800 0.00946642
73900 0.00982057
74000 0.00831613
74100 0.0180399
74200 0.0184479
74300 0.0101651
74400 0.00900632
74500 0.0138214
74600 0.00922094
74700 0.0125585
74800 0.0109023
74900 0.0136397
75000 0.013799
75100 0.00972998
75200 0.00903127
75300 0.00862682
75400 0.0149241
75500 0.00978292
75600 0.0161141
75700 0.00994949
75800 0.0134459
75900 0.0119935
76000 0.00900168
76100 0.012606
76200 0.0165523
76300 0.0114015
76400 0.0145096
76500 0.00953584
76600 0.0136587
76700 0.0186366
76800 0.0133852
76900 0.00881197
77000 0.0250659
77100 0.0155202
77200 0.010252
77300 0.00901958
77400 0.0215092
77500 0.00925012
77600 0.0129766
77700 0.0133854
77800 0.0117455
77900 0.0144215
78000 0.0133333
78100 0.0282969
78200 0.0100002
78300 0.0089873
78400 0.0110232
78500 0.00906152
78600 0.0178013
78700 0.00913612
78800 0.0108707
78900 0.0101802
79000 0.014906
79100 0.0141684
79200 0.0253708
79300 0.0137644
79400 0.0112078
79500 0.0151134
79600 0.0187939
79700 0.0226451
79800 0.0179385
79900 0.0143382
80000 0.0181184
80100 0.0133528
80200 0.014393
80300 0.0091244
80400 0.0127602
80500 0.00913199
80600 0.018652
80700 0.0270923
80800 0.0118342
80900 0.0162648
81000 0.0138729
81100 0.00880005
81200 0.0194062
81300 0.0156834
81400 0.0155329
81500 0.0100184
81600 0.0253602
81700 0.0169663
81800 0.0101269
81900 0.0185334
82000 0.0130123
82100 0.0182441
82200 0.0100551
82300 0.0165271
82400 0.0137102
82500 0.0112686
82600 0.0150232
82700 0.0131277
82800 0.00979592
82900 0.0119734
83000 0.00968276
83100 0.017873
83200 0.0103253
83300 0.013063
83400 0.00615782
83500 0.0215692
83600 0.0140083
83700 0.00926499
83800 0.0240627
83900 0.0141116
84000 0.00969256
84100 0.0319706
84200 0.0159622
84300 0.0142969
84400 0.0160664
84500 0.0149328
84600 0.021901
84700 0.014896
84800 0.0099008
84900 0.0140888
85000 0.0152395
85100 0.0278446
85200 0.0104046
85300 0.0124767
85400 0.0204464
85500 0.0138556
85600 0.0236142
85700 0.0105031
85800 0.0146608
85900 0.0126462
86000 0.0161741
86100 0.0209192
86200 0.0130966
86300 0.00997532
86400 0.0103065
86500 0.0162343
86600 0.0300544
86700 0.00977162
86800 0.00936902
86900 0.016769
87000 0.0138817
87100 0.009437
87200 0.00842446
87300 0.0173867
87400 0.0151767
87500 0.0175987
87600 0.0202314
87700 0.0233048
87800 0.0157752
87900 0.0105141
88000 0.0121934
88100 0.0144347
88200 0.0204646
88300 0.0116647
88400 0.00746016
88500 0.00943513
88600 0.00963376
88700 0.0187627
88800 0.0173279
88900 0.0143549
89000 0.00973699
89100 0.0214901
89200 0.0251226
89300 0.00959046
89400 0.0134088
89500 0.0103731
89600 0.0151803
89700 0.00834813
89800 0.0145613
89900 0.0100471
90000 0.0149513
90100 0.0207878
90200 0.0258603
90300 0.0148188
90400 0.0234192
90500 0.0140411
90600 0.017668
90700 0.0257645
90800 0.0101784
90900 0.0101206
91000 0.0174844
91100 0.00998366
91200 0.0104342
91300 0.0186805
91400 0.00625438
91500 0.0151155
91600 0.0171514
91700 0.016584
91800 0.0108151
91900 0.0168178
92000 0.0109054
92100 0.0149074
92200 0.0347198
92300 0.00989093
92400 0.0140448
92500 0.0172336
92600 0.0137055
92700 0.018364
92800 0.0192262
92900 0.0113085
93000 0.0114438
93100 0.0175986
93200 0.0203632
93300 0.0156417
93400 0.0215705
93500 0.00680994
93600 0.0203274
93700 0.010884
93800 0.0150723
93900 0.0204522
94000 0.0104194
94100 0.027153
94200 0.0199757
94300 0.0145039
94400 0.017378
94500 0.0174954
94600 0.0145538
94700 0.0138508
94800 0.0209322
94900 0.0192358
95000 0.0184948
95100 0.0182138
95200 0.0107745
95300 0.0105183
95400 0.0196849
95500 0.015101
95600 0.01517
95700 0.0109571
95800 0.012288
95900 0.0118418
96000 0.0347006
96100 0.0158481
96200 0.0182341
96300 0.0156529
96400 0.0129219
96500 0.0304175
96600 0.0158825
96700 0.0103915
96800 0.018569
96900 0.0147227
97000 0.015927
97100 0.0198384
97200 0.0139727
97300 0.0221836
97400 0.010245
97500 0.014963
97600 0.0171144
97700 0.0167445
97800 0.0151963
97900 0.0219851
98000 0.0164478
98100 0.0179355
98200 0.0195107
98300 0.0267317
98400 0.00676904
98500 0.0108158
98600 0.019357
98700 0.0266903
98800 0.0157721
98900 0.0165637
99000 0.0173921
99100 0.0148351
99200 0.0147843
99300 0.0170659
99400 0.0137001
99500 0.0116253
99600 0.0127679
99700 0.0162145
99800 0.0107925
99900 0.0196089
100000 0.0196402
100100 0.0183933
100200 0.0146424
100300 0.0144435
100400 0.0250134
100500 0.0156373
100600 0.0133939
100700 0.0153798
100800 0.0128784
100900 0.00992915
101000 0.0207101
101100 0.0113268
101200 0.0116372
101300 0.0148148
101400 0.0160055
101500 0.0186532
101600 0.0178069
101700 0.0108403
101800 0.0164998
101900 0.0156691
102000 0.0185972
102100 0.0241871
102200 0.0148233
102300 0.0131083
102400 0.0129268
102500 0.0154597
102600 0.0267758
102700 0.0127522
102800 0.0152484
102900 0.0185097
103000 0.0190901
103100 0.0237756
103200 0.0154082
103300 0.0171936
103400 0.0221782
103500 0.0258373
103600 0.0211161
103700 0.0218158
103800 0.0161811
103900 0.0127334
104000 0.0212462
104100 0.0133499
104200 0.0252252
104300 0.0248562
104400 0.0241002
104500 0.0204474
104600 0.0136406
104700 0.0319074
104800 0.0156385
104900 0.0226604
105000 0.0153129
105100 0.0284356
105200 0.0199622
105300 0.0150134
105400 0.0175044
105500 0.0288302
105600 0.0163659
105700 0.0164512
105800 0.0206043
105900 0.0327977
106000 0.016911
106100 0.0108983
106200 0.0202147
106300 0.0240199
106400 0.0222165
106500 0.0204529
106600 0.0171112
106700 0.0121228
106800 0.0177245
106900 0.0183784
107000 0.025483
107100 0.0271664
107200 0.0151387
107300 0.0236937
107400 0.0152792
107500 0.03217
107600 0.0168561
107700 0.0166578
107800 0.0217813
107900 0.030157
108000 0.0145912
108100 0.0210763
108200 0.0163002
108300 0.0359521
108400 0.0146639
108500 0.0163262
108600 0.0132228
108700 0.0249971
108800 0.0150842
108900 0.0224533
109000 0.0160342
109100 0.0340868
109200 0.0185624
109300 0.0161377
109400 0.0228999
109500 0.0260104
109600 0.0157606
109700 0.011644
109800 0.0162391
109900 0.0228821
110000 0.0147246
110100 0.0166613
110200 0.0200987
110300 0.016789
110400 0.0213446
110500 0.0202919
110600 0.0159831
110700 0.0336802
110800 0.0198246
110900 0.014868
111000 0.0160296
111100 0.0228265
111200 0.0122004
111300 0.0206607
111400 0.0163913
111500 0.0279681
111600 0.0112766
111700 0.01448
111800 0.0156732
111900 0.0185803
112000 0.0222634
112100 0.0210187
112200 0.0166646
112300 0.0225708
112400 0.0302443
112500 0.0143019
112600 0.0168571
112700 0.0151371
112800 0.0348853
112900 0.0173181
113000 0.0114459
113100 0.0193466
113200 0.0223387
113300 0.0229467
113400 0.0160627
113500 0.0186591
113600 0.0222802
113700 0.0131463
113800 0.0158277
113900 0.0158087
114000 0.0137934
114100 0.0161971
114200 0.0160335
114300 0.0186004
114400 0.0322791
114500 0.0244802
114600 0.016026
114700 0.0150217
114800 0.0332904
114900 0.0200114
115000 0.0227168
115100 0.0202223
115200 0.0296892
115300 0.0158278
115400 0.016288
115500 0.0235117
115600 0.0263569
115700 0.0139833
115800 0.0170884
115900 0.0168711
116000 0.0344525
116100 0.0183175
116200 0.0106819
116300 0.0240717
116400 0.0230689
116500 0.0167361
116600 0.0161306
116700 0.0183404
116800 0.0242785
116900 0.0192114
117000 0.0168728
117100 0.0129885
117200 0.0373072
117300 0.0166423
117400 0.0210402
117500 0.0208489
117600 0.0352079
117700 0.0201998
117800 0.0191737
117900 0.0236607
118000 0.0260559
118100 0.026542
118200 0.0145123
118300 0.016812
118400 0.0263624
118500 0.0178469
118600 0.0242238
118700 0.0158623
118800 0.0301152
118900 0.020617
119000 0.021147
119100 0.0177262
119200 0.0261701
119300 0.0217149
119400 0.0162505
119500 0.0168159
119600 0.0268951
119700 0.0152464
119800 0.0165363
119900 0.0179576
120000 0.0383758
120100 0.0122853
120200 0.010202
120300 0.0127174
120400 0.0257186
120500 0.0252953
120600 0.0158765
120700 0.022545
120800 0.0277498
120900 0.0158293
121000 0.01681
121100 0.0178918
121200 0.0322551
121300 0.0161501
121400 0.0229091
121500 0.0161835
121600 0.0377582
121700 0.0158306
121800 0.0163818
121900 0.020902
122000 0.0278684
122100 0.0133548
122200 0.0124144
122300 0.0200857
122400 0.0259615
122500 0.0179466
122600 0.0210979
122700 0.0140212
122800 0.0343365
122900 0.0173907
123000 0.0173903
123100 0.0172757
123200 0.0243363
123300 0.0218976
123400 0.0174749
123500 0.0211229
123600 0.0366047
123700 0.0235982
123800 0.020642
123900 0.0204681
124000 0.0211828
124100 0.0292186
124200 0.0188162
124300 0.0206011
124400 0.019732
124500 0.0231222
124600 0.0167353
124700 0.0363194
124800 0.0235024
124900 0.0171345
125000 0.0174812
125100 0.0310638
125200 0.0235765
125300 0.0219335
125400 0.0191113
125500 0.0206419
125600 0.0161441
125700 0.020338
125800 0.0160037
125900 0.0324162
126000 0.0160207
126100 0.0262628
126200 0.0247717
126300 0.0349787
126400 0.0153554
126500 0.0140539
126600 0.0168035
126700 0.0275156
126800 0.0215541
126900 0.021123
127000 0.0294709
127100 0.0212599
127200 0.027545
127300 0.0210381
127400 0.0179876
127500 0.0216394
127600 0.0182174
127700 0.025039
127800 0.0173707
127900 0.0369642
128000 0.0204714
128100 0.0250163
128200 0.0206336
128300 0.0247583
128400 0.0219612
128500 0.0173098
128600 0.0239432
128700 0.0226541
128800 0.0248154
128900 0.0184703
129000 0.0174318
129100 0.0177912
129200 0.0128946
129300 0.0298112
129400 0.0175611
129500 0.0374504
129600 0.0213007
129700 0.0171857
129800 0.0217719
129900 0.0348351
130000 0.0243668
130100 0.0214308
130200 0.0212675
130300 0.022484
130400 0.0171545
130500 0.0226294
130600 0.0233858
130700 0.0168072
130800 0.0185484
130900 0.0224744
131000 0.0234303
131100 0.021413
131200 0.0170837
131300 0.021593
131400 0.0239423
131500 0.0165753
131600 0.0200369
131700 0.0205817
131800 0.0208417
131900 0.0142795
132000 0.0177125
132100 0.020116
132200 0.0260827
132300 0.0281371
132400 0.014801
132500 0.0258467
132600 0.0221872
132700 0.0238561
132800 0.0182145
132900 0.0166958
133000 0.0280919
133100 0.0213989
133200 0.0331359
133300 0.022704
133400 0.0233917
133500 0.0169486
133600 0.0285129
133700 0.021786
133800 0.0182056
133900 0.0232654
134000 0.0278873
134100 0.0234964
134200 0.025433
134300 0.0199972
134400 0.0270632
134500 0.0174844
134600 0.0177096
134700 0.0253332
134800 0.0211987
134900 0.0239323
135000 0.0269267
135100 0.0214558
135200 0.0232114
135300 0.0335332
135400 0.0171499
135500 0.0259905
135600 0.0180004
135700 0.0315342
135800 0.0217173
135900 0.0270371
136000 0.0386008
136100 0.0324569
136200 0.0190572
136300 0.0238017
136400 0.0184601
136500 0.0309353
136600 0.0185808
136700 0.0223598
136800 0.0207783
136900 0.0156648
137000 0.0224251
137100 0.020133
137200 0.036665
137300 0.0233883
137400 0.0306977
137500 0.0264034
137600 0.0293999
137700 0.0220188
137800 0.0297598
137900 0.0255048
138000 0.0233677
138100 0.0233553
138200 0.039034
138300 0.0194284
138400 0.0154164
138500 0.0242078
138600 0.0234473
138700 0.0210968
138800 0.0187124
138900 0.0359938
139000 0.0195499
139100 0.0191014
139200 0.0185284
139300 0.0183399
139400 0.0170423
139500 0.0338203
139600 0.0169089
139700 0.0256455
139800 0.0214856
139900 0.0302364
140000 0.0217871
140100 0.0353789
140200 0.0230449
140300 0.0279021
140400 0.0177883
140500 0.0253118
140600 0.0183282
140700 0.0384574
140800 0.0253554
140900 0.0304075
141000 0.0302888
141100 0.0244393
141200 0.0271392
141300 0.0334654
141400 0.0212297
141500 0.0280262
141600 0.0189083
141700 0.0223004
141800 0.0207791
141900 0.0258076
142000 0.0217786
142100 0.0187178
142200 0.0178989
142300 0.0376651
142400 0.0258233
142500 0.0270005
142600 0.0345646
142700 0.0254492
142800 0.0222924
142900 0.02083
143000 0.0216069
143100 0.0186166
143200 0.0312352
143300 0.0189693
143400 0.0197113
143500 0.0325123
143600 0.0268631
143700 0.0229836
143800 0.0347819
143900 0.018346
144000 0.0227938
144100 0.0277808
144200 0.023416
144300 0.0253302
144400 0.0212786
144500 0.0248002
144600 0.0158044
144700 0.0440291
144800 0.017948
144900 0.020315
145000 0.0293831
145100 0.0313653
145200 0.021093
145300 0.0374112
145400 0.0209549
145500 0.0267184
145600 0.0233281
145700 0.0291672
145800 0.0225076
145900 0.0213317
146000 0.0179492
146100 0.0316032
146200 0.0235795
146300 0.0338242
146400 0.0317923
146500 0.023854
146600 0.0196159
146700 0.0384799
146800 0.0238017
146900 0.0253019
147000 0.0217645
147100 0.0248158
147200 0.0216026
147300 0.0344351
147400 0.0227654
147500 0.0293837
147600 0.0213126
147700 0.0236169
147800 0.0238759
147900 0.0179349
148000 0.0272218
148100 0.0232583
148200 0.0381794
148300 0.0327781
148400 0.0253098
148500 0.0220556
148600 0.0229955
148700 0.025312
148800 0.0316889
148900 0.0232989
149000 0.0277468
149100 0.033155
149200 0.0195432
149300 0.0268577
149400 0.0346951
149500 0.0200935
149600 0.0231398
149700 0.0171398
149800 0.0262749
149900 0.0275313
150000 0.0335356
150100 0.0251681
150200 0.0236057
150300 0.0180118
150400 0.0238933
150500 0.0320458
150600 0.0375053
150700 0.0221236
150800 0.0237702
150900 0.0427062
151000 0.0265953
151100 0.02466
151200 0.0355721
151300 0.0276695
151400 0.0254551
151500 0.0399145
151600 0.0256698
151700 0.0262213
151800 0.0347392
151900 0.0261081
152000 0.0244701
152100 0.0350448
152200 0.0288549
152300 0.0196094
152400 0.0352116
152500 0.0286751
152600 0.0231655
152700 0.0369133
152800 0.024565
152900 0.0281602
153000 0.0358904
153100 0.02723
153200 0.0208422
153300 0.0380864
153400 0.0202617
153500 0.0276212
153600 0.0342607
153700 0.0260594
153800 0.0206526
153900 0.0265213
154000 0.0166984
154100 0.0222092
154200 0.0326697
154300 0.0203041
154400 0.0249052
154500 0.0186285
154600 0.0227663
154700 0.0216178
154800 0.0214488
154900 0.0232479
155000 0.0289591
155100 0.0211238
155200 0.0307071
155300 0.0274901
155400 0.0332411
155500 0.0329415
155600 0.0330209
155700 0.0240479
155800 0.0361911
155900 0.0217495
156000 0.0243277
156100 0.0455515
156200 0.0238775
156300 0.0290269
156400 0.0381872
156500 0.0309178
156600 0.020925
156700 0.038896
156800 0.02771
156900 0.0344084
157000 0.0327709
157100 0.0244963
157200 0.0211788
157300 0.0404674
157400 0.0294308
157500 0.0226093
157600 0.0405945
157700 0.0226037
157800 0.0255449
157900 0.0549997
158000 0.0268932
158100 0.0258214
158200 0.0380413
158300 0.0205409
158400 0.0237743
158500 0.0322544
158600 0.0363354
158700 0.0278424
158800 0.0351353
158900 0.0282247
159000 0.0265418
159100 0.0364577
159200 0.0276371
159300 0.0259032
159400 0.0311131
159500 0.0345433
159600 0.0259764
159700 0.0371468
159800 0.0261554
159900 0.023487
160000 0.0336518
160100 0.0243813
160200 0.0187525
160300 0.0336469
160400 0.0254777
160500 0.024289
160600 0.0462629
160700 0.0229251
160800 0.0306014
160900 0.0389469
161000 0.0260783
161100 0.0245012
161200 0.0173392
161300 0.0232489
161400 0.0273234
161500 0.0428685
161600 0.0231507
161700 0.0298059
161800 0.0407028
161900 0.0312084
162000 0.0264766
162100 0.0396478
162200 0.0276121
162300 0.0227198
162400 0.0398907
162500 0.0258618
162600 0.0315342
162700 0.0377225
162800 0.0276086
162900 0.0310291
163000 0.0477452
163100 0.0380036
163200 0.0295115
163300 0.0403345
163400 0.0316731
163500 0.0250543
163600 0.0413241
163700 0.0264558
163800 0.0316105
163900 0.0398369
164000 0.0278889
164100 0.0254923
164200 0.0392526
164300 0.0305312
164400 0.0243955
164500 0.0464018
164600 0.0261805
164700 0.0306773
164800 0.0366642
164900 0.0326026
165000 0.0263375
165100 0.0424503
165200 0.0332238
165300 0.0249677
165400 0.0272921
165500 0.0280537
165600 0.0265026
165700 0.0370027
165800 0.0320402
165900 0.0245291
166000 0.0429129
166100 0.0199815
166200 0.0369889
166300 0.0308882
166400 0.0276716
166500 0.0228271
166600 0.0398865
166700 0.0310618
166800 0.0288957
166900 0.0488855
167000 0.024732
167100 0.0242878
167200 0.0339582
167300 0.0241409
167400 0.035574
167500 0.0385057
167600 0.0298235
167700 0.0249465
167800 0.039808
167900 0.0274615
168000 0.024276
168100 0.0403824
168200 0.0252342
168300 0.0290351
168400 0.0378546
168500 0.0320245
168600 0.0248158
168700 0.0408262
168800 0.0349831
168900 0.0289994
169000 0.040322
169100 0.02416
169200 0.0311031
169300 0.027605
169400 0.0333957
169500 0.0329264
169600 0.0386729
169700 0.028704
169800 0.0219077
169900 0.0505951
170000 0.0289542
170100 0.0251835
170200 0.041023
170300 0.0261421
170400 0.0246124
170500 0.0368736
170600 0.0292991
170700 0.0255847
170800 0.0438798
170900 0.0246466
171000 0.028442
171100 0.0350408
171200 0.0268898
171300 0.0312333
171400 0.037623
171500 0.034178
171600 0.0272211
171700 0.0449092
171800 0.0232449
171900 0.0289239
172000 0.0380715
172100 0.0261329
172200 0.0297197
172300 0.0352902
172400 0.0326691
172500 0.023267
172600 0.0232324
172700 0.0312169
172800 0.0293599
172900 0.0422744
173000 0.0292269
173100 0.0326103
173200 0.0384348
173300 0.027747
173400 0.0216883
173500 0.0331558
173600 0.0265056
173700 0.0254286
173800 0.0363008
173900 0.028395
174000 0.0326066
174100 0.0326946
174200 0.0222971
174300 0.0324172
174400 0.0372475
174500 0.0343859
174600 0.0252188
174700 0.0247892
174800 0.0268013
174900 0.0279351
175000 0.0384874
175100 0.0270655
175200 0.0313188
175300 0.0354021
175400 0.0207605
175500 0.0343734
175600 0.0353997
175700 0.031146
175800 0.0312877
175900 0.0381481
176000 0.0329985
176100 0.0214064
176200 0.0397404
176300 0.024219
176400 0.0256042
176500 0.0390829
176600 0.0313333
176700 0.0304769
176800 0.0418756
176900 0.0352297
177000 0.0253905
177100 0.0349697
177200 0.0329127
177300 0.0265878
177400 0.044597
177500 0.0229715
177600 0.0280007
177700 0.0344076
177800 0.0265385
177900 0.0274314
178000 0.0255763
178100 0.032239
178200 0.0293212
178300 0.0600073
178400 0.0238815
178500 0.0289222
178600 0.0450853
178700 0.0282273
178800 0.0305201
178900 0.039033
179000 0.030602
179100 0.0255666
179200 0.0342867
179300 0.0290576
179400 0.032472
179500 0.0375326
179600 0.0253718
179700 0.0276587
179800 0.0366028
179900 0.0292737
180000 0.0282283
180100 0.0458043
180200 0.0255477
180300 0.0336129
180400 0.0402498
180500 0.0246855
180600 0.0300589
180700 0.0367729
180800 0.0276255
180900 0.0329232
181000 0.0317046
181100 0.0320992
181200 0.0294831
181300 0.0461502
181400 0.0275738
181500 0.0259644
181600 0.0421803
181700 0.0292419
181800 0.0313299
181900 0.0325911
182000 0.0267971
182100 0.0348222
182200 0.0430399
182300 0.037598
182400 0.0292642
182500 0.0417222
182600 0.0322809
182700 0.033228
182800 0.0182282
182900 0.0278534
183000 0.029175
183100 0.0446294
183200 0.0301364
183300 0.0369815
183400 0.0373134
183500 0.0282879
183600 0.0341567
183700 0.0393852
183800 0.0304468
183900 0.0358742
184000 0.0282568
184100 0.0339685
184200 0.0256962
184300 0.0395108
184400 0.0301281
184500 0.025276
184600 0.0301775
184700 0.0322763
184800 0.0292307
184900 0.0446224
185000 0.0316554
185100 0.0289251
185200 0.0432014
185300 0.031782
185400 0.0365617
185500 0.0342324
185600 0.0282688
185700 0.0359697
185800 0.0314455
185900 0.0259353
186000 0.0357854
186100 0.0318432
186200 0.0307565
186300 0.0269729
186400 0.0431602
186500 0.0340455
186600 0.0359408
186700 0.0382231
186800 0.0263408
186900 0.0286758
187000 0.0398388
187100 0.0315936
187200 0.0275286
187300 0.0316095
187400 0.033525
187500 0.0310867
187600 0.0327555
187700 0.0331293
187800 0.0339759
187900 0.0511257
188000 0.0297798
188100 0.0309843
188200 0.0418407
188300 0.0321446
188400 0.0298459
188500 0.0480152
188600 0.0266005
188700 0.0343985
188800 0.0432295
188900 0.030242
189000 0.0295389
189100 0.0440944
189200 0.0277837
189300 0.0364627
189400 0.0378735
189500 0.0331852
189600 0.0332984
189700 0.0340353
189800 0.0350249
189900 0.0278395
190000 0.0256282
190100 0.0377019
190200 0.0288176
190300 0.0355611
190400 0.0426126
190500 0.0358236
190600 0.0341529
190700 0.0355456
190800 0.0337835
190900 0.0384876
191000 0.0338625
191100 0.0344973
191200 0.0367125
191300 0.0289044
191400 0.0384658
191500 0.0330366
191600 0.0371318
191700 0.0396391
191800 0.0237465
191900 0.0440854
192000 0.050061
192100 0.031509
192200 0.0344477
192300 0.0365614
192400 0.030723
192500 0.0306905
192600 0.043863
192700 0.0310281
192800 0.0309102
192900 0.0329306
193000 0.0355315
193100 0.0341564
193200 0.0293353
193300 0.0346138
193400 0.0341222
193500 0.0272189
193600 0.0317234
193700 0.0384247
193800 0.0301753
193900 0.0309004
194000 0.0319973
194100 0.0298508
194200 0.0327524
194300 0.0314893
194400 0.0308773
194500 0.0376269
194600 0.0250797
194700 0.0311008
194800 0.0341242
194900 0.0242329
195000 0.0257444
195100 0.0394031
195200 0.0302548
195300 0.035065
195400 0.0348886
195500 0.0269249
195600 0.0335826
195700 0.0325424
195800 0.0288842
195900 0.0479118
196000 0.0339864
196100 0.0318872
196200 0.037005
196300 0.0309168
196400 0.0342665
196500 0.0361029
196600 0.0353609
196700 0.0256641
196800 0.036255
196900 0.0382813
197000 0.0344319
197100 0.0333403
197200 0.0265119
197300 0.0347231
197400 0.0328454
197500 0.0324159
197600 0.023938
197700 0.047171
197800 0.0393855
197900 0.0293787
198000 0.0471915
198100 0.0311751
198200 0.0326487
198300 0.0459102
198400 0.0296013
198500 0.0295132
198600 0.0378669
198700 0.0270371
198800 0.0258105
198900 0.0418831
199000 0.0293694
199100 0.0331802
199200 0.041882
199300 0.0317048
199400 0.0213815
199500 0.0304088
199600 0.0301067
199700 0.0410278
199800 0.0374649
199900 0.0304376
200000 0.0326314
200100 0.0426891
200200 0.0266238
200300 0.0456993
200400 0.0319247
200500 0.0350919
200600 0.0320559
200700 0.0259962
200800 0.0297763
200900 0.0306062
201000 0.0329446
201100 0.0314505
201200 0.0297856
201300 0.0341633
201400 0.0385035
201500 0.0321579
201600 0.0310641
201700 0.0388337
201800 0.0270772
201900 0.0323357
202000 0.0526507
202100 0.0360984
202200 0.0359895
202300 0.0463237
202400 0.0350741
202500 0.0289545
202600 0.0280281
202700 0.0295069
202800 0.0398934
202900 0.0249393
203000 0.0300348
203100 0.0379046
203200 0.0351787
203300 0.034616
203400 0.0400899
203500 0.0308108
203600 0.0333024
203700 0.0379863
203800 0.0295314
203900 0.0319103
204000 0.0341818
204100 0.0320369
204200 0.0277302
204300 0.0527745
204400 0.0246289
204500 0.0275206
204600 0.0460438
204700 0.0313283
204800 0.0311597
204900 0.031505
205000 0.0371576
205100 0.0320449
205200 0.0315796
205300 0.0298476
205400 0.035246
205500 0.0345332
205600 0.0314019
205700 0.0359433
205800 0.044264
205900 0.0262196
206000 0.0379565
206100 0.0323339
206200 0.0305361
206300 0.0282286
206400 0.0375259
206500 0.029178
206600 0.0317445
206700 0.0330929
206800 0.0295754
206900 0.030144
207000 0.0389511
207100 0.0300025
207200 0.0363389
207300 0.046006
207400 0.0353406
207500 0.0344776
207600 0.0408095
207700 0.0265662
207800 0.0300564
207900 0.0379319
208000 0.0275023
208100 0.0333651
208200 0.0468874
208300 0.0265524
208400 0.0299544
208500 0.0414403
208600 0.0227869
208700 0.0293459
208800 0.0482858
208900 0.0244434
209000 0.0312673
209100 0.0443618
209200 0.0286048
209300 0.03012
209400 0.0412558
209500 0.0268791
209600 0.0367146
209700 0.0368818
209800 0.0258663
209900 0.0385129
210000 0.0437922
210100 0.0289752
210200 0.035193
210300 0.0258644
210400 0.0318348
210500 0.0321489
210600 0.0218938
210700 0.0309267
210800 0.0345848
210900 0.034589
211000 0.028705
211100 0.0316389
211200 0.0442953
211300 0.0291594
211400 0.0332073
211500 0.0368961
211600 0.0358065
211700 0.0422195
211800 0.0407018
211900 0.0314883
212000 0.0305812
212100 0.0304157
212200 0.0330067
212300 0.0318874
212400 0.0364081
212500 0.0359747
212600 0.0369912
212700 0.0337853
212800 0.0342544
212900 0.0381131
213000 0.0309792
213100 0.0262974
213200 0.0419344
213300 0.0346547
213400 0.0307585
213500 0.0352471
213600 0.0390338
213700 0.0320456
213800 0.0315489
213900 0.0289767
214000 0.0291212
214100 0.0300856
214200 0.0349083
214300 0.0333161
214400 0.0305662
214500 0.0335447
214600 0.0345793
214700 0.0351317
214800 0.0290469
214900 0.0428214
215000 0.0396808
215100 0.0430648
215200 0.0376499
215300 0.0378096
215400 0.0435115
215500 0.0479539
215600 0.0372312
215700 0.0489905
215800 0.035857
215900 0.0525635
216000 0.0386556
216100 0.0330124
216200 0.0404257
216300 0.0371808
216400 0.0508547
216500 0.0359529
216600 0.0369098
216700 0.0451573
216800 0.0364933
216900 0.0331751
217000 0.0424286
217100 0.0371193
217200 0.027051
217300 0.0355614
217400 0.0362247
217500 0.0289608
217600 0.0357252
217700 0.0363858
217800 0.0285356
217900 0.0335531
218000 0.0330002
218100 0.0336038
218200 0.0280361
218300 0.0375046
218400 0.0321835
218500 0.0347967
218600 0.0330136
218700 0.0298799
218800 0.0372266
218900 0.0376559
219000 0.0320963
219100 0.0494627
219200 0.0331293
219300 0.0350046
219400 0.0362839
219500 0.0321694
219600 0.0368737
219700 0.0339676
219800 0.0347651
219900 0.0350317
220000 0.0448569
220100 0.0305721
220200 0.0370203
220300 0.0453322
220400 0.039715
220500 0.0349625
220600 0.0312756
220700 0.0473386
220800 0.0328676
220900 0.0538067
221000 0.0345409
221100 0.0305992
221200 0.0339374
221300 0.0491713
221400 0.0407571
221500 0.0284104
221600 0.0343562
221700 0.0373482
221800 0.0280121
221900 0.0389019
222000 0.0311181
222100 0.039512
222200 0.0387913
222300 0.0321139
222400 0.0351629
222500 0.0321574
222600 0.0349184
222700 0.032848
222800 0.0348092
222900 0.0409097
223000 0.0456404
223100 0.0368681
223200 0.0543704
223300 0.0383031
223400 0.0552703
223500 0.03712
223600 0.0370936
223700 0.0360158
223800 0.0406019
223900 0.0316591
224000 0.0315313
224100 0.0404421
224200 0.0434917
224300 0.0368583
224400 0.0289505
224500 0.0311043
224600 0.0553346
224700 0.042765
224800 0.0303962
224900 0.0381007
225000 0.0421358
225100 0.0364138
225200 0.0337351
225300 0.0353892
225400 0.0386806
225500 0.048592
225600 0.0374515
225700 0.038684
225800 0.0396838
225900 0.0463925
226000 0.0316307
226100 0.0454164
226200 0.0402766
226300 0.0404102
226400 0.029657
226500 0.0368117
226600 0.0353306
226700 0.0270524
226800 0.026135
226900 0.0451095
227000 0.033168
227100 0.0289828
227200 0.0331232
227300 0.0403748
227400 0.0529739
227500 0.0358126
227600 0.032763
227700 0.0439924
227800 0.0447691
227900 0.0346158
228000 0.0312324
228100 0.0450513
228200 0.0329399
228300 0.0408708
228400 0.0393014
228500 0.0365792
228600 0.0492717
228700 0.0404437
228800 0.0485045
228900 0.0397533
229000 0.0496023
229100 0.0363572
229200 0.0278845
229300 0.0358192
229400 0.029991
229500 0.046971
229600 0.0305073
229700 0.025425
229800 0.0368606
229900 0.0541432
230000 0.0330531
230100 0.0416485
230200 0.0360805
230300 0.0504682
230400 0.03616
230500 0.0341986
230600 0.0363196
230700 0.0435527
230800 0.0273362
230900 0.0368257
231000 0.0314039
231100 0.0376734
231200 0.0265596
231300 0.0375489
231400 0.0394858
231500 0.0386653
231600 0.0284014
231700 0.0526957
231800 0.0527207
231900 0.0335374
232000 0.0350248
232100 0.0507159
232200 0.0389388
232300 0.0339735
232400 0.0329552
232500 0.0390702
232600 0.0441851
232700 0.0369605
232800 0.0297647
232900 0.0326919
233000 0.0399046
233100 0.0505524
233200 0.0394523
233300 0.0406384
233400 0.0386001
233500 0.0538667
233600 0.0529407
233700 0.0449219
233800 0.05026
233900 0.0348287
234000 0.0511531
234100 0.038673
234200 0.0509287
234300 0.0356436
234400 0.0284422
234500 0.0399528
234600 0.0342627
234700 0.0343604
234800 0.0314553
234900 0.0399606
235000 0.0361112
235100 0.0254829
235200 0.0375762
235300 0.0341389
235400 0.0343988
235500 0.0299571
235600 0.0375711
235700 0.0332948
235800 0.0411856
235900 0.036855
236000 0.0328111
236100 0.0399312
236200 0.0364877
236300 0.0292609
236400 0.0348191
236500 0.0321436
236600 0.0397824
236700 0.028694
236800 0.0309692
236900 0.0320798
237000 0.0364669
237100 0.0575615
237200 0.0342023
237300 0.0315792
237400 0.0339969
237500 0.0372626
237600 0.0366662
237700 0.0363325
237800 0.0511822
237900 0.0394293
238000 0.0401613
238100 0.0320551
238200 0.0332597
238300 0.0345136
238400 0.037733
238500 0.0323843
238600 0.030517
238700 0.0467062
238800 0.0417022
238900 0.0497459
239000 0.04411
239100 0.0514096
239200 0.0386472
239300 0.044619
239400 0.0392645
239500 0.0298192
239600 0.043693
239700 0.0391467
239800 0.0332606
239900 0.0365273
240000 0.0346588
240100 0.0394594
240200 0.0311508
240300 0.0361902
240400 0.0375161
240500 0.0305573
240600 0.0370969
240700 0.0436026
240800 0.0372123
240900 0.0433701
241000 0.0343106
241100 0.0340424
241200 0.0401262
241300 0.0415219
241400 0.0349013
241500 0.0427476
241600 0.0367717
241700 0.0511932
241800 0.0381348
241900 0.035441
242000 0.0298861
242100 0.0490458
242200 0.0434463
242300 0.0532116
242400 0.0334946
242500 0.042746
242600 0.0421549
242700 0.0424784
242800 0.0444578
242900 0.0462264
243000 0.0418661
243100 0.0425427
243200 0.0616508
243300 0.0302567
243400 0.0354868
243500 0.0509018
243600 0.043186
243700 0.0452033
243800 0.0298397
243900 0.0372896
244000 0.0372482
244100 0.0513996
244200 0.0335104
244300 0.0299023
244400 0.0322994
244500 0.0458114
244600 0.0407707
244700 0.0480557
244800 0.0389422
244900 0.0456412
245000 0.0326744
245100 0.0415354
245200 0.041955
245300 0.0489377
245400 0.033272
245500 0.0421897
245600 0.042245
245700 0.0561626
245800 0.0405247
245900 0.0384767
246000 0.045452
246100 0.0551585
246200 0.0320387
246300 0.0322606
246400 0.0422184
246500 0.042488
246600 0.0530127
246700 0.0425591
246800 0.060775
246900 0.0376497
247000 0.0330784
247100 0.0429878
247200 0.0540651
247300 0.0400727
247400 0.0494585
247500 0.0465339
247600 0.0549247
247700 0.0439152
247800 0.0555533
247900 0.0422228
248000 0.0511527
248100 0.0322981
248200 0.043064
248300 0.0380451
248400 0.0487324
248500 0.0348699
248600 0.0422441
248700 0.0357491
248800 0.0459833
248900 0.0419546
249000 0.0575827
249100 0.0327111
249200 0.0323854
249300 0.0334952
249400 0.0403282
249500 0.0336163
249600 0.0332323
249700 0.0348362
249800 0.0380672
249900 0.0304498
250000 0.0365513
250100 0.0331299
250200 0.0536882
250300 0.035441
250400 0.036354
250500 0.0358147
250600 0.0390982
250700 0.0541761
250800 0.0382117
250900 0.0548208
251000 0.0335435
251100 0.0448518
251200 0.038175
251300 0.0544748
251400 0.0405703
251500 0.0471791
251600 0.0432673
251700 0.0518513
251800 0.0470358
251900 0.0496585
252000 0.0395038
252100 0.0456567
252200 0.0414441
252300 0.0567207
252400 0.038418
252500 0.0537392
252600 0.0392535
252700 0.0474996
252800 0.0462343
252900 0.0588052
253000 0.0417953
253100 0.0529884
253200 0.0368157
253300 0.0500598
253400 0.0457988
253500 0.0528892
253600 0.0474417
253700 0.0611325
253800 0.0390171
253900 0.0637982
254000 0.0461804
254100 0.0488527
254200 0.0505145
254300 0.0522121
254400 0.0407799
254500 0.0451728
254600 0.0372973
254700 0.0585896
254800 0.0495734
254900 0.0557141
255000 0.0463149
255100 0.0608601
255200 0.0485739
255300 0.0536765
255400 0.0483727
255500 0.0658575
255600 0.0410691
255700 0.0607651
255800 0.0414136
255900 0.0597942
256000 0.0486995
256100 0.0571155
256200 0.0542376
256300 0.056554
256400 0.0428966
256500 0.051622
256600 0.0431129
256700 0.0464206
256800 0.0389257
256900 0.0591268
257000 0.043427
257100 0.0537231
257200 0.0436929
257300 0.0520571
257400 0.0395612
257500 0.0503701
257600 0.0407547
257700 0.0481876
257800 0.0443138
257900 0.0527498
258000 0.0408393
258100 0.0534668
258200 0.0460495
258300 0.0549831
258400 0.0452177
258500 0.0484946
258600 0.0407395
258700 0.0553637
258800 0.0444952
258900 0.0617463
259000 0.0451435
259100 0.0498037
259200 0.0338866
259300 0.0518086
259400 0.0375416
259500 0.0548472
259600 0.0443607
259700 0.0568857
259800 0.0429789
259900 0.0573239
260000 0.0401169
260100 0.0540609
260200 0.0440289
260300 0.0566824
260400 0.0439185
260500 0.049574
260600 0.043084
260700 0.0667815
260800 0.0543509
260900 0.0623066
261000 0.0492092
261100 0.0572487
261200 0.0512142
261300 0.0562232
261400 0.0472553
261500 0.0534291
261600 0.0424334
261700 0.0519981
261800 0.0490074
261900 0.0529529
262000 0.0476239
262100 0.0596058
262200 0.0534511
262300 0.0597861
262400 0.045963
262500 0.0508922
262600 0.0347972
262700 0.0638777
262800 0.0520477
262900 0.0558704
263000 0.0422165
263100 0.0544869
263200 0.0614212
263300 0.0458521
263400 0.055206
263500 0.0373079
263600 0.0555767
263700 0.0420122
263800 0.0588424
263900 0.0470317
264000 0.0542574
264100 0.0436141
264200 0.060566
264300 0.0398259
264400 0.0570965
264500 0.0494161
264600 0.0638079
264700 0.0445072
264800 0.0516914
264900 0.0452289
265000 0.0648124
265100 0.0381683
265200 0.0585395
265300 0.0390164
265400 0.0537671
265500 0.0402415
265600 0.0601769
265700 0.0501551
265800 0.0642758
265900 0.0504572
266000 0.053794
266100 0.0457594
266200 0.0507018
266300 0.0456062
266400 0.0586034
266500 0.043701
266600 0.0561817
266700 0.0429314
266800 0.0564794
266900 0.0441431
267000 0.0563619
267100 0.0403458
267200 0.0522947
267300 0.043987
267400 0.0646851
267500 0.0549501
267600 0.065065
267700 0.0462414
267800 0.0522138
267900 0.0421053
268000 0.0603472
268100 0.0474838
268200 0.0633143
268300 0.0502061
268400 0.0615386
268500 0.0425713
268600 0.0557119
268700 0.0411271
268800 0.0657102
268900 0.049318
269000 0.0638802
269100 0.0457853
269200 0.0649408
269300 0.0604627
269400 0.0472045
269500 0.047604
269600 0.0585846
269700 0.044033
269800 0.0593906
269900 0.0387157
270000 0.0625741
270100 0.0456361
270200 0.0556502
270300 0.0434875
270400 0.0544156
270500 0.0431325
270600 0.0645811
270700 0.0501715
270800 0.0602
270900 0.0565589
271000 0.0530436
271100 0.0527407
271200 0.0492565
271300 0.0411411
271400 0.0571729
271500 0.0456001
271600 0.0495605
271700 0.0441825
271800 0.0614362
271900 0.0444081
272000 0.0599763
272100 0.0462956
272200 0.0534098
272300 0.0480253
272400 0.0495962
272500 0.0437345
272600 0.0569845
272700 0.0552831
272800 0.056769
272900 0.0508953
273000 0.0652683
273100 0.0466702
273200 0.0585008
273300 0.0445691
273400 0.0656138
273500 0.055234
273600 0.063983
273700 0.0434446
273800 0.060397
273900 0.0434504
274000 0.0492498
274100 0.0465898
274200 0.0572039
274300 0.0502633
274400 0.0570538
274500 0.0352877
274600 0.0599299
274700 0.0537858
274800 0.0589942
274900 0.0481252
275000 0.0532671
275100 0.0400054
275200 0.0571516
275300 0.0437407
275400 0.0799135
275500 0.0501209
275600 0.0592833
275700 0.0435365
275800 0.0610515
275900 0.0427246
276000 0.0454304
276100 0.0446899
276200 0.0479638
276300 0.0488447
276400 0.0545909
276500 0.0502561
276600 0.0569582
276700 0.0483916
276800 0.0603056
276900 0.0455232
277000 0.0512594
277100 0.0500889
277200 0.0508795
277300 0.0417348
277400 0.0511462
277500 0.0408969
277600 0.0550193
277700 0.0512951
277800 0.0585871
277900 0.0443728
278000 0.0537771
278100 0.0371879
278200 0.058955
278300 0.0507663
278400 0.0641934
278500 0.0432389
278600 0.0686948
278700 0.0447605
278800 0.0592005
278900 0.0482041
279000 0.0625677
279100 0.0437655
279200 0.0606249
279300 0.046761
279400 0.0566292
279500 0.0525682
279600 0.0646893
279700 0.0355442
279800 0.0553215
279900 0.043244
280000 0.0526078
280100 0.0451236
280200 0.0595925
280300 0.042161
280400 0.0634719
280500 0.0538177
280600 0.0598232
280700 0.0456648
280800 0.0543721
280900 0.0480859
281000 0.0652639
281100 0.0479375
281200 0.0656192
281300 0.0473955
281400 0.0517304
281500 0.0450405
281600 0.0602002
281700 0.0477959
281800 0.0650041
281900 0.0400204
282000 0.0631932
282100 0.0514161
282200 0.0662051
282300 0.0489762
282400 0.054103
282500 0.0489049
282600 0.0505622
282700 0.0416518
282800 0.0593956
282900 0.0396896
283000 0.0593386
283100 0.0540259
283200 0.0631114
283300 0.0487149
283400 0.0620781
283500 0.0472154
283600 0.0582965
283700 0.0378445
283800 0.0507938
283900 0.043403
284000 0.0569989
284100 0.0452553
284200 0.0614401
284300 0.0518591
284400 0.0576597
284500 0.0437602
284600 0.0555824
284700 0.041338
284800 0.0523919
284900 0.049101
285000 0.0546066
285100 0.0448712
285200 0.0561007
285300 0.0424267
285400 0.062573
285500 0.0462199
285600 0.0590675
285700 0.0510837
285800 0.0586454
285900 0.0515913
286000 0.0531991
286100 0.0464689
286200 0.0554475
286300 0.0449152
286400 0.0564621
286500 0.0414594
286600 0.0622543
286700 0.0456359
286800 0.063357
286900 0.0468741
287000 0.0557427
287100 0.0453824
287200 0.0595592
287300 0.0428823
287400 0.0611436
287500 0.0492817
287600 0.0627752
287700 0.0448962
287800 0.0669014
287900 0.0448375
288000 0.0566135
288100 0.0474198
288200 0.0539766
288300 0.0495113
288400 0.0551036
288500 0.0477401
288600 0.0605432
288700 0.0533388
288800 0.0635855
288900 0.0496628
289000 0.0660191
289100 0.0428975
289200 0.0590121
289300 0.0457334
289400 0.0505722
289500 0.0466364
289600 0.0602306
289700 0.0440542
289800 0.0571883
289900 0.0457794
290000 0.0588564
290100 0.0500242
290200 0.0589981
290300 0.0528655
290400 0.0713692
290500 0.049362
290600 0.0595811
290700 0.0557073
290800 0.0569371
290900 0.052193
291000 0.0559675
291100 0.0437344
291200 0.0609045
291300 0.0400302
291400 0.0527573
291500 0.0445651
291600 0.0568212
291700 0.0451031
291800 0.0621625
291900 0.0494154
292000 0.0685886
292100 0.0425946
292200 0.0522342
292300 0.0488986
292400 0.0594935
292500 0.0496623
292600 0.0546471
292700 0.0478501
292800 0.0508463
292900 0.0460089
293000 0.060704
293100 0.0408602
293200 0.0558617
293300 0.0472505
293400 0.0626729
293500 0.0442371
293600 0.0589697
293700 0.0459819
293800 0.0590699
293900 0.0557718
294000 0.0611419
294100 0.0520404
294200 0.0585759
294300 0.0482067
294400 0.056907
294500 0.0426645
294600 0.0577296
294700 0.0509289
294800 0.0555079
294900 0.0491564
295000 0.0588523
295100 0.0460962
295200 0.054071
295300 0.0407366
295400 0.0564958
295500 0.041883
295600 0.0522128
295700 0.0511748
295800 0.0606766
295900 0.0482212
296000 0.0594921
296100 0.0475094
296200 0.054418
296300 0.049702
296400 0.0652971
296500 0.0477703
296600 0.0608527
296700 0.05004
296800 0.0673221
296900 0.0527783
297000 0.0609642
297100 0.0496491
297200 0.0611622
297300 0.0555592
297400 0.0639583
297500 0.0496322
297600 0.0675007
297700 0.0549595
297800 0.064246
297900 0.0489077
298000 0.0625572
298100 0.0493215
298200 0.0626884
298300 0.0486129
298400 0.0629588
298500 0.0449409
298600 0.0578919
298700 0.0436223
298800 0.0635731
298900 0.0484059
299000 0.0540204
299100 0.0516407
299200 0.0559258
299300 0.0484237
299400 0.0644892
299500 0.0444158
299600 0.0599511
299700 0.044992
299800 0.0597447
299900 0.0538382
300000 0.0612459
