100 4.53e-07
200 3.25e-07
300 2.95e-07
400 3.29e-07
500 2.92e-07
600 2.94e-07
700 4.45e-07
800 2.74e-07
900 2.5007e-05
1000 2.6e-07
1100 2.39e-07
1200 1.419e-06
1300 2.34e-07
1400 1.432e-06
1500 2.0037e-05
1600 2.87e-07
1700 2.27e-07
1800 2.51e-07
1900 2.74e-07
2000 2.56e-07
2100 2.88e-07
2200 3.181e-06
2300 2.66e-07
2400 4.41e-07
2500 2.27e-07
2600 3.7e-07
2700 2.51e-07
2800 2.14e-07
2900 1.371e-06
3000 2.5e-08
3100 2.282e-06
3200 2.53e-07
3300 2.51e-07
3400 2.74e-07
3500 3.745e-06
3600 5.19e-07
3700 2.7651e-05
3800 1.3886e-05
3900 1.166e-06
4000 8.73e-07
4100 3.09e-07
4200 2.93e-07
4300 1.516e-06
4400 2.43e-07
4500 2.44e-07
4600 2.42e-07
4700 7.672e-06
4800 1.038e-05
4900 7.381e-06
5000 1.322e-06
5100 2.83e-07
5200 2.82e-07
5300 2.94e-07
5400 2.1e-07
5500 2.43e-07
5600 3.12e-07
5700 3.2e-07
5800 6.956e-06
5900 7.4e-07
6000 2.5e-08
6100 2.38e-07
6200 2.94e-07
6300 6.724e-06
6400 1.417e-06
6500 1.3581e-05
6600 2.95e-07
6700 6.73e-07
6800 3.83e-07
6900 3.07e-07
7000 3.87e-07
7100 4.3e-07
7200 4.23e-07
7300 4.84e-07
7400 7.18e-07
7500 3.35e-07
7600 1.275e-06
7700 2.5e-08
7800 1.408e-06
7900 1.0302e-05
8000 5.87e-07
8100 3.5e-07
8200 1.5443e-05
8300 3.97e-07
8400 5.11e-07
8500 2.68e-07
8600 8.613e-06
8700 2.33e-07
8800 4.83e-07
8900 2.4e-08
9000 3.53e-07
9100 6.62e-07
9200 3.55e-07
9300 1.457e-06
9400 1.386e-06
9500 3.21e-07
9600 2.1359e-05
9700 2.43e-07
9800 2.5e-08
9900 3.4e-07
10000 2.38e-07
10100 3.8e-07
10200 2.8e-07
10300 1.1825e-05
10400 4.958e-06
10500 2.75e-07
10600 9.86e-07
10700 2.74e-07
10800 2.5e-07
10900 1.3008e-05
11000 2.47e-07
11100 3.12e-07
11200 1.296e-06
11300 1.42e-06
11400 2.75e-07
11500 3.93e-07
11600 8.64e-07
11700 8.218e-06
11800 2.52e-07
11900 2.39e-07
12000 4.65e-07
12100 4.73e-07
12200 3.721e-06
12300 2.71e-07
12400 4.706e-06
12500 1.303e-06
12600 3.62e-07
12700 5.81e-07
12800 4.02e-07
12900 2.4e-08
13000 2.5813e-05
13100 3.45e-07
13200 1.489e-06
13300 4.17e-07
13400 6.35e-07
13500 3.39e-07
13600 4.76e-07
13700 1.071e-06
13800 3.63e-07
13900 4.4e-07
14000 1.504e-06
14100 8.766e-06
14200 1.736e-06
14300 7.03e-07
14400 4.08e-07
14500 3.53e-07
14600 1.691e-06
14700 3.85e-07
14800 3.697e-06
14900 2.95e-07
15000 1.634e-06
15100 5.154e-06
15200 2.73e-07
15300 7.38e-07
15400 2.5e-08
15500 6.84e-07
15600 4.81e-07
15700 3.44e-07
15800 4.13e-07
15900 4.77e-07
16000 3.01e-07
16100 1.563e-06
16200 3.18e-07
16300 1.9143e-05
16400 1.4042e-05
16500 2.47e-07
16600 1.68e-06
16700 2.97e-07
16800 2.46e-07
16900 2.9231e-05
17000 1.369e-06
17100 9.1e-06
17200 1.505e-06
17300 7.05e-07
17400 1.466e-06
17500 3.37e-07
17600 3.38e-07
17700 4.29e-07
17800 2.22e-07
17900 3.58e-07
18000 1.6778e-05
18100 2.21e-07
18200 1.9282e-05
18300 8.33e-06
18400 6.25e-07
18500 1.0992e-05
18600 5e-07
18700 1.4991e-05
18800 3.38e-07
18900 4.04e-07
19000 2.5e-08
19100 4.25e-07
19200 1.656e-06
19300 9.444e-06
19400 4.35e-07
19500 1.4719e-05
19600 3.13e-07
19700 6.26e-07
19800 2.5171e-05
19900 3.2905e-05
20000 2.69e-07
20100 8.27e-07
20200 2.4e-08
20300 2.68e-07
20400 3.38e-07
20500 3.2e-07
20600 4.98e-07
20700 8.73e-07
20800 2.92e-07
20900 5.21e-07
21000 3.71e-07
21100 2.5e-08
21200 5.59e-07
21300 2.4e-08
21400 3.22e-07
21500 4.26e-07
21600 1.511e-06
21700 5.08e-07
21800 4.53e-07
21900 4.08e-07
22000 3.947e-06
22100 5.62e-07
22200 1.573e-06
22300 4.01e-07
22400 2.6e-07
22500 1.116e-06
22600 4e-07
22700 2.5e-08
22800 8.06e-07
22900 6.56e-07
23000 5.31e-07
23100 5.22e-07
23200 3.41e-07
23300 3.49e-07
23400 3.84e-07
23500 6.62e-07
23600 3.49e-07
23700 3.85e-07
23800 1.4832e-05
23900 4.67e-07
24000 4.5e-07
24100 1.2575e-05
24200 6.71e-07
24300 3.53e-07
24400 2.98e-07
24500 3.99e-07
24600 3.47e-07
24700 2.96e-07
24800 4.4e-07
24900 9.67e-07
25000 3.27e-07
25100 3.24e-07
25200 6.22e-07
25300 5.26e-07
25400 5.09e-07
25500 5.09e-07
25600 2.069e-06
25700 6.253e-06
25800 1.125e-06
25900 3.93e-07
26000 4.176e-05
26100 2.1373e-05
26200 4.74e-07
26300 4.59e-07
26400 4.35e-07
26500 2.489e-05
26600 3.31e-07
26700 1.7153e-05
26800 5.91e-07
26900 4.04e-07
27000 7.52e-07
27100 1.492e-06
27200 3.64e-07
27300 1.074e-06
27400 1.603e-06
27500 2.98e-07
27600 2.5e-08
27700 4.14e-07
27800 8.594e-06
27900 9.95e-07
28000 1.559e-06
28100 1.405e-06
28200 5.26e-07
28300 2.5881e-05
28400 6.643e-06
28500 1.425e-06
28600 4.26e-07
28700 2.7821e-05
28800 5.07e-07
28900 2.269e-06
29000 3.69e-07
29100 1.3299e-05
29200 4.62e-07
29300 2.57e-07
29400 3.82e-07
29500 2.22e-07
29600 3.28e-07
29700 3.08e-07
29800 1.084e-06
29900 2.21e-07
30000 4.07e-07
30100 3.5e-07
30200 2.71e-07
30300 3.51e-07
30400 6.678e-06
30500 1.484e-06
30600 0.000115144
30700 3.5e-07
30800 2.62e-07
30900 3.53e-07
31000 3.97e-07
31100 4.11e-07
31200 3.2e-07
31300 4.76e-07
31400 3.37e-07
31500 5.13e-07
31600 5.05e-07
31700 1.102e-06
31800 4.24e-07
31900 4.5e-07
32000 4.06e-07
32100 3.83e-07
32200 4.63e-07
32300 2.0348e-05
32400 3.74e-07
32500 2.9572e-05
32600 7.779e-06
32700 3.69e-07
32800 2.85e-07
32900 3.55e-07
33000 2.46e-07
33100 1.618e-06
33200 2.181e-05
33300 2.96e-07
33400 5.63e-07
33500 3.16e-07
33600 2.67e-07
33700 4.14e-07
33800 4.84e-07
33900 4.969e-06
34000 7.18e-07
34100 5.067e-06
34200 3.95e-07
34300 6.7e-07
34400 4.058e-06
34500 3.75e-07
34600 3.34e-07
34700 2.97e-07
34800 3.34e-07
34900 1.9517e-05
35000 3.83e-07
35100 4.12e-07
35200 6.27e-07
35300 4.35e-07
35400 5.537e-06
35500 4.07e-07
35600 1.46e-06
35700 3.96e-07
35800 4.16e-07
35900 3.49e-07
36000 1.205e-06
36100 7.26e-07
36200 1.392e-06
36300 3.67e-07
36400 9.256e-06
36500 3.7e-07
36600 2.96e-07
36700 1.075e-06
36800 1.712e-06
36900 1.532e-06
37000 8.126e-06
37100 3.68e-07
37200 7.487e-06
37300 9.261e-06
37400 1.3421e-05
37500 2.505e-06
37600 3.97e-07
37700 3.88e-07
37800 1.425e-06
37900 2.1207e-05
38000 4.22e-07
38100 9.521e-06
38200 4.464e-06
38300 1.6e-06
38400 5.79e-07
38500 1.397e-06
38600 3.45e-07
38700 1.5e-05
38800 4e-07
38900 2.4e-08
39000 4.77e-07
39100 2.91e-07
39200 4.96e-07
39300 3.82e-07
39400 3.075e-05
39500 2.5e-08
39600 1.351e-06
39700 1.8668e-05
39800 3.96e-07
39900 1.461e-06
40000 3.61e-07
40100 3.71e-07
40200 3.39e-07
40300 2.025e-05
40400 1.535e-06
40500 2.37e-07
40600 1.532e-06
40700 3.78e-07
40800 1.526e-06
40900 1.545e-06
41000 1.3085e-05
41100 3.87e-07
41200 4.164e-06
41300 1.2554e-05
41400 3.39e-07
41500 3.53e-07
41600 4.18e-07
41700 7.26e-07
41800 1.41e-06
41900 3.52e-07
42000 4.56e-07
42100 1.534e-06
42200 3.89e-07
42300 2.0302e-05
42400 2.5e-08
42500 4.68e-07
42600 1.675e-06
42700 1.521e-06
42800 5.06e-07
42900 3.9e-07
43000 1.545e-06
43100 1.426e-06
43200 6.39e-07
43300 1.1455e-05
43400 4.45e-07
43500 2.117e-06
43600 2.5e-08
43700 1.0621e-05
43800 1.527e-06
43900 2.4869e-05
44000 1.642e-06
44100 3.85e-07
44200 3.73e-07
44300 3.69e-07
44400 3.58e-07
44500 1.926e-06
44600 1.3665e-05
44700 8.98e-07
44800 6.68e-07
44900 6.14e-07
45000 4.13e-07
45100 3.7e-07
45200 3.7e-07
45300 1.486e-06
45400 3.41e-07
45500 3.84e-07
45600 1.342e-06
45700 1.4657e-05
45800 1.517e-06
45900 4.15e-07
46000 1.4e-06
46100 1.3244e-05
46200 4.53e-07
46300 3.91e-07
46400 8.167e-06
46500 7.705e-06
46600 3.86e-07
46700 1.939e-06
46800 6.15e-07
46900 3.35e-07
47000 3.32e-07
47100 3.78e-07
47200 2.628e-06
47300 6.304e-06
47400 2.1037e-05
47500 3.73e-07
47600 1.673e-06
47700 3.97e-07
47800 2.0947e-05
47900 2.2572e-05
48000 1.106e-06
48100 5.12e-07
48200 4.55e-07
48300 6.34e-07
48400 4.63e-07
48500 1.441e-06
48600 7.922e-06
48700 6.985e-06
48800 2.3933e-05
48900 1.737e-06
49000 1.584e-06
49100 1.195e-06
49200 4.18e-07
49300 4.09e-07
49400 4.49e-07
49500 3.99e-07
49600 2.5249e-05
49700 9.76e-07
49800 4.09e-07
49900 3.2e-07
50000 3.73e-07
50100 8.353e-06
50200 3.31e-07
50300 4.672e-06
50400 3.96e-07
50500 3.87e-07
50600 1.7929e-05
50700 3.82e-07
50800 4.05e-07
50900 8.38e-07
51000 1.485e-06
51100 1.581e-06
51200 3.76e-07
51300 3.25e-07
51400 1.1949e-05
51500 1.7144e-05
51600 4e-07
51700 4.85e-07
51800 3.92e-07
51900 4.36e-07
52000 1.545e-06
52100 1.289e-06
52200 3.31e-07
52300 9.62e-07
52400 3.7e-07
52500 3.56e-07
52600 1.1597e-05
52700 5.9877e-05
52800 1.427e-06
52900 1.2316e-05
53000 5.82e-07
53100 3.19e-07
53200 3.96e-07
53300 7.09e-07
53400 1.669e-06
53500 1.088e-06
53600 6.23e-07
53700 1.7364e-05
53800 1.416e-06
53900 1.578e-06
54000 2.258e-06
54100 3.91e-07
54200 3.36e-07
54300 7.93e-06
54400 3.97e-07
54500 3.64e-07
54600 1.303e-06
54700 4.02e-07
54800 3.9e-07
54900 3.86e-07
55000 2.5e-08
55100 4.14e-07
55200 3.53e-07
55300 5.52e-07
55400 1.1893e-05
55500 4.54e-07
55600 8.537e-06
55700 3.87e-07
55800 3.02e-07
55900 7.507e-06
56000 4.63e-07
56100 1.66e-06
56200 1.434e-06
56300 1.4194e-05
56400 3.48e-07
56500 8.212e-06
56600 3.79e-07
56700 4.83e-07
56800 1.355e-06
56900 3.48e-07
57000 1.523e-06
57100 4.45e-07
57200 9.81e-07
57300 1.28e-06
57400 1.546e-06
57500 1.004e-06
57600 3.16e-07
57700 7.02e-07
57800 4.1e-07
57900 4.41e-07
58000 4.5e-07
58100 4.59e-07
58200 1.281e-06
58300 4e-06
58400 3.77e-07
58500 3.5e-07
58600 4.03e-07
58700 5.045e-06
58800 4.03e-07
58900 4.48e-07
59000 1.504e-06
59100 6.18e-07
59200 5.42e-07
59300 3.55e-07
59400 5.21e-07
59500 3.32e-07
59600 3.84e-07
59700 1.4888e-05
59800 2.5e-08
59900 3.7e-07
60000 1.578e-06
60100 1.471e-06
60200 4.36e-07
60300 1.517e-06
60400 3.97e-07
60500 1.6e-06
60600 3.57e-07
60700 4.58e-07
60800 2.9586e-05
60900 6.008e-06
61000 3.81e-07
61100 3.01e-07
61200 3.29e-07
61300 2.2856e-05
61400 1.148e-06
61500 1.595e-06
61600 4.29e-07
61700 1.631e-06
61800 2.5e-08
61900 1.192e-06
62000 3.7936e-05
62100 1.604e-06
62200 3.01e-07
62300 6.6e-07
62400 1.513e-06
62500 1.513e-06
62600 2.5e-08
62700 3.36e-07
62800 1.462e-06
62900 2.497e-06
63000 4.35e-07
63100 3.98e-07
63200 8.217e-06
63300 6.81e-07
63400 5.26e-07
63500 2.3427e-05
63600 5.46e-07
63700 8.761e-06
63800 1.5854e-05
63900 2.93e-07
64000 3.87e-07
64100 3.83e-07
64200 1.486e-06
64300 1.36e-06
64400 1.513e-06
64500 5.82e-07
64600 1.473e-06
64700 1.563e-06
64800 1.522e-06
64900 1.033e-06
65000 1.434e-06
65100 1.5534e-05
65200 2.5e-08
65300 5.192e-06
65400 4.15e-07
65500 6.77e-07
65600 5.472e-06
65700 3.12e-07
65800 3.982e-06
65900 3.14e-07
66000 2.4e-08
66100 3.44e-07
66200 3.26e-07
66300 2.347e-06
66400 1.6154e-05
66500 8.457e-06
66600 2.83e-07
66700 3.17e-07
66800 5.88e-07
66900 3.04e-07
67000 2.5e-08
67100 2.6011e-05
67200 1.6752e-05
67300 1.775e-06
67400 1.999e-06
67500 1.433e-06
67600 3.24e-07
67700 3.8237e-05
67800 2.442e-05
67900 3.8e-07
68000 1.477e-06
68100 6.25e-07
68200 1.0037e-05
68300 6.954e-06
68400 2.54e-07
68500 3.66e-07
68600 3.31e-07
68700 7.807e-06
68800 8.358e-06
68900 1.0607e-05
69000 2.5e-08
69100 1.421e-06
69200 2.6249e-05
69300 3.09e-07
69400 3.06e-07
69500 1.4623e-05
69600 9.46e-07
69700 1.987e-06
69800 3.46e-07
69900 3.07e-07
70000 1.423e-06
70100 9.16e-07
70200 3.03e-07
70300 1.442e-06
70400 3.76e-07
70500 9.17e-06
70600 1.401e-06
70700 3.03e-07
70800 2.4e-07
70900 1.303e-06
71000 3.02e-07
71100 1.545e-05
71200 5.34e-07
71300 3.04e-07
71400 3.73e-07
71500 1.088e-06
71600 1.254e-06
71700 1.488e-06
71800 5.52e-07
71900 2.59e-07
72000 1.982e-06
72100 3.74e-07
72200 4.3e-07
72300 1.446e-06
72400 3.35e-07
72500 2.896e-06
72600 4.3575e-05
72700 1.598e-06
72800 1.452e-06
72900 4.03e-07
73000 1.229e-06
73100 5.783e-06
73200 1.55e-06
73300 4.8e-07
73400 4.16e-07
73500 1.3292e-05
73600 3.38e-07
73700 1.62e-06
73800 3.87e-07
73900 2.574e-06
74000 4.53e-07
74100 8.292e-06
74200 3.93e-07
74300 4.58e-07
74400 2.023e-06
74500 4.35e-07
74600 1.698e-06
74700 1.3953e-05
74800 3.08e-07
74900 1.03e-06
75000 4.45e-07
75100 1.482e-06
75200 0.000171578
75300 2.6036e-05
75400 2.596e-06
75500 2.69e-07
75600 5.97e-07
75700 5.515e-06
75800 1.038e-06
75900 5.19e-07
76000 9.763e-06
76100 1.866e-05
76200 1.635e-06
76300 1.172e-06
76400 1.0663e-05
76500 1.514e-06
76600 1.2477e-05
76700 1.365e-05
76800 2.4253e-05
76900 4.2e-07
77000 4.21e-07
77100 3.659e-06
77200 1.177e-06
77300 4.2e-07
77400 9.29e-07
77500 1.605e-06
77600 8.17e-07
77700 2.315e-06
77800 5.123e-06
77900 1.645e-06
78000 1.611e-06
78100 6.859e-06
78200 2.2304e-05
78300 4.33e-07
78400 3.59e-07
78500 2.4e-08
78600 3.74e-07
78700 2.2904e-05
78800 1.5651e-05
78900 4.56e-07
79000 1.708e-06
79100 2.999e-06
79200 3.78e-07
79300 1.473e-06
79400 2.38e-06
79500 3.98e-07
79600 3.5403e-05
79700 1.2471e-05
79800 3.02e-07
79900 1.975e-06
80000 1.45e-06
80100 1.746e-06
80200 3.51e-07
80300 3.34e-07
80400 2.4e-08
80500 1.42e-06
80600 2.2528e-05
80700 9.203e-06
80800 4.22e-07
80900 1.033e-06
81000 8.322e-06
81100 4.15e-07
81200 1.573e-06
81300 4.03e-07
81400 2.1699e-05
81500 2.053e-05
81600 1.566e-06
81700 1.691e-06
81800 9.39e-07
81900 3.2035e-05
82000 4.52e-07
82100 7.27e-07
82200 3.735e-06
82300 9.723e-06
82400 3.57e-07
82500 4.13e-07
82600 2.342e-06
82700 6.71e-07
82800 3.99e-07
82900 8.867e-06
83000 4.18e-07
83100 2.4e-08
83200 3.94e-07
83300 6.75e-07
83400 1.538e-06
83500 1.018e-06
83600 1.746e-06
83700 3.3739e-05
83800 2.3368e-05
83900 4.67e-07
84000 4.88e-07
84100 5.81e-07
84200 1.906e-06
84300 2.6344e-05
84400 3.48e-07
84500 3.37e-07
84600 1.11e-06
84700 1.565e-06
84800 4.0645e-05
84900 3.65e-07
85000 1.718e-06
85100 4.06e-07
85200 1.621e-06
85300 4.07e-07
85400 7.76e-07
85500 1.582e-06
85600 5.646e-06
85700 4.01e-07
85800 1.0284e-05
85900 9.18e-07
86000 4.13e-07
86100 1.61e-06
86200 1.415e-06
86300 3.5e-07
86400 4.587e-06
86500 1.1058e-05
86600 5.02e-07
86700 2.5e-08
86800 3.47e-07
86900 2.0745e-05
87000 3.0883e-05
87100 1.698e-06
87200 3.54e-07
87300 5.25e-07
87400 4.14e-07
87500 5.608e-06
87600 5.42e-07
87700 4.39e-07
87800 1.777e-06
87900 4.27e-07
88000 1.462e-06
88100 2.5e-08
88200 3.97e-07
88300 6.573e-06
88400 1.3475e-05
88500 5.11e-07
88600 4.47e-07
88700 1.0557e-05
88800 7.853e-06
88900 4e-07
89000 1.306e-06
89100 4.63e-07
89200 8.24e-07
89300 1.543e-06
89400 3.76e-07
89500 4.05e-07
89600 2.97e-07
89700 3.19e-07
89800 4.921e-06
89900 3.94e-07
90000 2.323e-05
90100 3.81e-07
90200 2.2467e-05
90300 2.4e-08
90400 1.9952e-05
90500 1.1739e-05
90600 1.1054e-05
90700 5.24e-07
90800 4.076e-06
90900 1.504e-06
91000 3.8e-07
91100 1.843e-06
91200 7.821e-06
91300 3.5e-07
91400 1.345e-06
91500 3.91e-07
91600 1.579e-06
91700 1.533e-06
91800 4.64e-07
91900 6.05e-07
92000 8.85e-06
92100 1.653e-06
92200 3.68e-07
92300 4.6e-07
92400 2.778e-05
92500 8.896e-06
92600 5.17e-07
92700 1.538e-06
92800 4.42e-07
92900 1.506e-06
93000 3.81e-07
93100 4.65e-07
93200 5.04e-07
93300 9.89e-07
93400 3.69e-07
93500 1.487e-05
93600 3.403e-06
93700 3.58e-07
93800 2.0649e-05
93900 6.893e-06
94000 1.708e-06
94100 3.11e-07
94200 1.3492e-05
94300 1.828e-06
94400 4.23e-07
94500 4.39e-07
94600 3.47e-07
94700 2.2044e-05
94800 1.616e-05
94900 1.3135e-05
95000 6.42e-07
95100 3.77e-07
95200 1.529e-05
95300 3.54e-07
95400 5.28e-07
95500 3.81e-07
95600 1.242e-06
95700 1.42e-06
95800 2.34e-07
95900 6.85e-07
96000 2.4e-08
96100 1.626e-06
96200 4.05e-07
96300 3.87e-07
96400 1.561e-06
96500 1.511e-06
96600 3.22e-07
96700 3.78e-07
96800 3.843e-06
96900 4.42e-07
97000 1.552e-06
97100 1.05e-06
97200 1.573e-06
97300 1.813e-06
97400 7.989e-06
97500 8.166e-06
97600 1.473e-06
97700 3.8e-07
97800 1.58e-06
97900 3.18e-07
98000 1.7427e-05
98100 4.31e-07
98200 1.3826e-05
98300 1.7108e-05
98400 1.449e-06
98500 3.52e-07
98600 1.746e-06
98700 7.43e-07
98800 3.86e-07
98900 3.45e-07
99000 1.435e-06
99100 3.62e-07
99200 3.62e-07
99300 2.172e-06
99400 3.41e-07
99500 3.84e-07
99600 4.46e-07
99700 3.93e-07
99800 1.8973e-05
99900 5.18e-07
100000 2.4e-08
100100 1.552e-06
100200 1.485e-06
100300 1.5747e-05
100400 1.333e-05
100500 5.019e-06
100600 4.1e-07
100700 6.354e-06
100800 3.79e-07
100900 3.041e-06
101000 3.78e-07
101100 3.75e-07
101200 8.861e-06
101300 1.481e-06
101400 4.91e-07
101500 1.1378e-05
101600 7.78e-07
101700 2.336e-06
101800 3.9e-07
101900 4.64e-07
102000 1.699e-06
102100 4.12e-07
102200 5.03e-07
102300 4.22e-07
102400 7.24e-07
102500 1.601e-06
102600 1.479e-06
102700 1.002e-06
102800 1.503e-06
102900 4.23e-07
103000 4.63e-07
103100 2.753e-06
103200 1.646e-06
103300 1.541e-06
103400 5.08e-07
103500 2.582e-06
103600 1.506e-06
103700 1.5569e-05
103800 1.124e-06
103900 2.5e-08
104000 1.499e-06
104100 5.12e-07
104200 2.542e-06
104300 3.04e-07
104400 4.46e-07
104500 9.38e-07
104600 1.289e-06
104700 3.72e-07
104800 4.49e-07
104900 1.342e-06
105000 5.41e-07
105100 1.607e-06
105200 1.308e-06
105300 1.7551e-05
105400 1.509e-06
105500 4.82e-07
105600 2.5e-08
105700 1.1475e-05
105800 1.2709e-05
105900 1.497e-06
106000 5.28e-07
106100 4.74e-07
106200 1.548e-06
106300 1.622e-06
106400 1.565e-06
106500 3.49e-07
106600 3.6e-07
106700 1.8112e-05
106800 3.82e-07
106900 3.4956e-05
107000 3.414e-06
107100 2.2458e-05
107200 3.76e-07
107300 3.74e-07
107400 2.102e-06
107500 1.326e-06
107600 2.3591e-05
107700 1.498e-06
107800 1.3567e-05
107900 1.425e-06
108000 1.8101e-05
108100 2.9175e-05
108200 6.85e-07
108300 4.74e-07
108400 4.21e-07
108500 4.48e-07
108600 2.0464e-05
108700 1.674e-06
108800 5.74e-07
108900 7.67e-07
109000 5.33e-07
109100 1.554e-06
109200 7.27e-07
109300 9.518e-06
109400 3.7e-07
109500 3.92e-07
109600 3.6e-07
109700 1.432e-06
109800 3.82e-07
109900 1.5185e-05
110000 1.0381e-05
110100 4.32e-07
110200 2.245e-06
110300 5.79e-07
110400 1.504e-06
110500 3.69e-07
110600 1.622e-05
110700 3.55e-07
110800 1.493e-06
110900 4.17e-07
111000 2.74e-07
111100 1.442e-06
111200 4.33e-07
111300 8.166e-06
111400 1.1715e-05
111500 1.585e-06
111600 8.277e-06
111700 6.37e-07
111800 1.503e-06
111900 3.96e-07
112000 1.341e-06
112100 3.88e-07
112200 1.4709e-05
112300 3.14e-07
112400 4.462e-06
112500 3.39e-07
112600 4.09e-07
112700 3.59e-07
112800 4.664e-06
112900 4.33e-07
113000 2.3016e-05
113100 4.15e-07
113200 9.104e-06
113300 8.231e-06
113400 1.494e-06
113500 3.82e-07
113600 2.99e-07
113700 1.156e-06
113800 3.74e-07
113900 2.4e-08
114000 1.8047e-05
114100 5.819e-06
114200 1.075e-06
114300 3.67e-07
114400 1.1502e-05
114500 4.31e-07
114600 1.596e-06
114700 3.63e-07
114800 6.63e-07
114900 4.19e-07
115000 1.476e-06
115100 2.0197e-05
115200 1.0144e-05
115300 7.07e-07
115400 4.34e-07
115500 4.603e-06
115600 6.29e-07
115700 1.541e-06
115800 4.12e-07
115900 1.021e-06
116000 1.4142e-05
116100 7.69e-07
116200 5.76e-07
116300 2.93e-07
116400 3.7e-07
116500 6.96e-07
116600 1.271e-06
116700 6.239e-06
116800 3.88e-07
116900 8.094e-06
117000 1.5034e-05
117100 3.69e-07
117200 3.54e-07
117300 5.369e-06
117400 2.1854e-05
117500 3.97e-07
117600 3.71e-07
117700 2.5343e-05
117800 1.427e-06
117900 4.04e-07
118000 3.37e-07
118100 9.926e-06
118200 1.451e-06
118300 1.6556e-05
118400 2.4e-08
118500 8.771e-06
118600 2.3021e-05
118700 5.33e-07
118800 9.89e-07
118900 1.3841e-05
119000 1.236e-06
119100 1.058e-06
119200 5.26e-07
119300 3.23e-07
119400 4.07e-07
119500 2.2302e-05
119600 1.9799e-05
119700 3.75e-07
119800 2.495e-06
119900 1.46e-06
120000 2.5733e-05
120100 1.831e-06
120200 3.45e-07
120300 4.61e-07
120400 1.334e-06
120500 1.498e-06
120600 3.47e-07
120700 8.685e-06
120800 3.6e-07
120900 1.0355e-05
121000 1.519e-06
121100 6.83e-07
121200 4.11e-07
121300 5.07e-07
121400 1.0232e-05
121500 2.0681e-05
121600 5.97e-07
121700 1.4511e-05
121800 1.611e-06
121900 1.525e-06
122000 2.775e-06
122100 5.11e-07
122200 4.01e-07
122300 1.634e-06
122400 4.01e-07
122500 1.55e-06
122600 3.6e-07
122700 3.48e-07
122800 1.69e-06
122900 1.012e-06
123000 7.212e-06
123100 3.95e-07
123200 1.422e-06
123300 1.7105e-05
123400 1.4615e-05
123500 5.51e-07
123600 1.552e-06
123700 1.933e-06
123800 1.749e-06
123900 7.44e-06
124000 2.0101e-05
124100 4.87e-07
124200 6.86e-07
124300 1.9791e-05
124400 2.4e-08
124500 6.087e-06
124600 9.246e-06
124700 1.3459e-05
124800 1.083e-06
124900 8.13e-07
125000 4.45e-07
125100 4.84e-07
125200 1.6614e-05
125300 1.339e-06
125400 1.417e-06
125500 4.39e-07
125600 9.658e-06
125700 3.43e-07
125800 3.82e-07
125900 1.444e-06
126000 2.3515e-05
126100 3.22e-07
126200 4.52e-07
126300 7.56e-07
126400 4.34e-07
126500 1.664e-06
126600 1.54e-06
126700 2.747e-06
126800 7.22e-07
126900 1.4471e-05
127000 1.515e-06
127100 2.9997e-05
127200 1.2871e-05
127300 2.2358e-05
127400 1.428e-06
127500 1.105e-06
127600 7.81e-07
127700 3.66e-07
127800 6.54e-07
127900 1.545e-06
128000 3.75e-07
128100 3.79e-07
128200 1.815e-06
128300 1.532e-06
128400 4.26e-07
128500 4e-07
128600 1.315e-06
128700 4.07e-07
128800 3.64e-07
128900 8.517e-06
129000 7.4e-08
129100 1.429e-06
129200 4.25e-07
129300 1.791e-06
129400 5.65e-07
129500 5.578e-06
129600 6.842e-06
129700 9.96e-07
129800 3.054e-06
129900 4.63e-07
130000 3.99e-07
130100 1.278e-06
130200 1.544e-06
130300 1.484e-06
130400 3.671e-06
130500 1.7888e-05
130600 4.2e-07
130700 4.2e-07
130800 1.6765e-05
130900 3.85e-07
131000 4.01e-07
131100 3.11e-07
131200 6.56e-07
131300 3.48e-07
131400 3.36e-07
131500 4.45e-07
131600 8.16e-07
131700 3.01e-07
131800 1.429e-06
131900 1.508e-06
132000 1.098e-06
132100 9.74e-07
132200 3.136e-05
132300 6.17e-07
132400 1.8754e-05
132500 3.34e-07
132600 2.5e-08
132700 1.116e-06
132800 2.51e-07
132900 3.31e-07
133000 6.04e-07
133100 2.384e-06
133200 4.99e-07
133300 6.757e-06
133400 9.73e-07
133500 3.28e-07
133600 2.5e-08
133700 3.45e-07
133800 8.92e-07
133900 9.62e-07
134000 5.4e-07
134100 2.4e-08
134200 3.75e-07
134300 4.52e-07
134400 5.037e-05
134500 5.14e-07
134600 5.51e-07
134700 1.333e-06
134800 4.94e-07
134900 4.59e-07
135000 1.188e-06
135100 3.82e-06
135200 3.57e-07
135300 4.85e-07
135400 1.526e-06
135500 5.03e-07
135600 1.142e-06
135700 3.201e-06
135800 3.67e-07
135900 1.488e-06
136000 1.9141e-05
136100 1.3788e-05
136200 5.807e-06
136300 2.4221e-05
136400 1.449e-06
136500 1.418e-06
136600 8.7e-07
136700 4.85e-07
136800 2.504e-06
136900 4.79e-07
137000 1.358e-06
137100 2.8e-07
137200 1.044e-06
137300 1.9085e-05
137400 3.993e-06
137500 4.376e-06
137600 1.3219e-05
137700 1.4411e-05
137800 5.93e-07
137900 2.082e-06
138000 1.9117e-05
138100 1.375e-06
138200 2.9e-07
138300 3.92e-07
138400 1.9359e-05
138500 3.66e-07
138600 1.123e-06
138700 7.551e-06
138800 4.8e-07
138900 6.73e-07
139000 8.84e-07
139100 1.2809e-05
139200 3.42e-07
139300 1.343e-06
139400 3.17e-07
139500 1.7534e-05
139600 1.053e-06
139700 7.663e-06
139800 2.88e-07
139900 2.91e-07
140000 1.057e-06
140100 1.602e-06
140200 4.53e-07
140300 5.1e-07
140400 1.134e-06
140500 3.35e-07
140600 4.54e-07
140700 1.283e-06
140800 4.35e-07
140900 4.53e-07
141000 1.874e-06
141100 1.467e-06
141200 8.471e-06
141300 2.24e-05
141400 1.52e-06
141500 1.4579e-05
141600 2.5e-08
141700 3.61e-07
141800 3.84e-07
141900 2.835e-06
142000 1.8243e-05
142100 9.82e-07
142200 1.366e-06
142300 3.42e-07
142400 3.53e-07
142500 1.013e-05
142600 5.8e-07
142700 2.91e-07
142800 1.083e-06
142900 1.5546e-05
143000 2.94e-07
143100 2.0966e-05
143200 7.144e-06
143300 1.351e-05
143400 2.75e-07
143500 1.618e-06
143600 4.07e-07
143700 3.91e-07
143800 1.145e-06
143900 7.5e-07
144000 2.93e-07
144100 1.458e-06
144200 5.458e-06
144300 1.4788e-05
144400 7.092e-06
144500 0.000102094
144600 5.62e-07
144700 3.17e-07
144800 4.7e-07
144900 1.234e-06
145000 2.75e-07
145100 2.5e-08
145200 2.665e-06
145300 1.508e-06
145400 4.19e-07
145500 8.1e-07
145600 3.85e-07
145700 5.812e-06
145800 3.71e-07
145900 8.32e-07
146000 2.83e-07
146100 1.506e-06
146200 9.922e-06
146300 3.63e-07
146400 4.73e-07
146500 1.291e-06
146600 1.9832e-05
146700 3.49e-07
146800 3.68e-07
146900 1.022e-06
147000 2.61e-07
147100 2.82e-07
147200 7.82e-07
147300 2.5e-08
147400 3.28e-07
147500 3.29e-07
147600 1.428e-06
147700 2.6e-07
147800 2.75e-07
147900 8.9e-07
148000 3.73e-07
148100 2.7e-07
148200 1.759e-06
148300 1.378e-06
148400 4.05e-07
148500 3.04e-07
148600 2.0871e-05
148700 3.572e-06
148800 4.6e-07
148900 1.09e-06
149000 3.5e-07
149100 3.71e-07
149200 1.153e-06
149300 1.426e-06
149400 5.03e-07
149500 2.8e-07
149600 2.2667e-05
149700 3.83e-07
149800 2.2457e-05
149900 2.5e-08
150000 4.47e-07
150100 2.5e-08
150200 2.578e-06
150300 1.786e-05
150400 5.77e-07
150500 5.2e-07
150600 1.517e-06
150700 3.46e-07
150800 3.45e-07
150900 1.513e-06
151000 3.32e-07
151100 4.49e-07
151200 3.398e-06
151300 2.94e-07
151400 1.849e-06
151500 4.73e-07
151600 1.951e-06
151700 3.44e-07
151800 2.98e-07
151900 1.685e-06
152000 5.1e-07
152100 2.5e-08
152200 2.71e-07
152300 1.0724e-05
152400 8.134e-06
152500 3.59e-07
152600 7.995e-06
152700 2.56e-07
152800 5.02e-06
152900 7.26e-07
153000 4.1e-07
153100 4.62e-07
153200 1.69e-06
153300 3.057e-06
153400 1.801e-06
153500 2.5e-08
153600 7.544e-06
153700 1.869e-06
153800 9.66e-07
153900 1.783e-06
154000 3.89e-07
154100 3.75e-07
154200 1.172e-06
154300 8.094e-06
154400 3.65e-07
154500 4.16e-07
154600 1.8414e-05
154700 1.029e-06
154800 4.8e-07
154900 5.58e-07
155000 3.72e-07
155100 1.338e-06
155200 5.16e-07
155300 1.389e-06
155400 1.6812e-05
155500 3.84e-07
155600 3.46e-07
155700 2.2367e-05
155800 4.26e-07
155900 2.935e-06
156000 2.227e-06
156100 3.65e-07
156200 1.9791e-05
156300 1.544e-06
156400 2.5e-08
156500 1.412e-06
156600 3.427e-06
156700 3.99e-07
156800 3.93e-07
156900 1.689e-06
157000 1.65e-06
157100 2.84e-07
157200 7.92e-07
157300 1.516e-06
157400 1.426e-06
157500 5.96e-07
157600 8.52e-07
157700 1.379e-06
157800 3.3e-07
157900 1.478e-06
158000 2.5551e-05
158100 7.79e-07
158200 4.57e-07
158300 3.95e-07
158400 1.809e-06
158500 7.6e-07
158600 1.747e-06
158700 4.07e-07
158800 5.73e-07
158900 2.0817e-05
159000 6.427e-06
159100 1.3462e-05
159200 1.539e-06
159300 1.045e-06
159400 1.4457e-05
159500 9.14e-07
159600 4.34e-07
159700 8.94e-07
159800 3.51e-07
159900 3.92e-07
160000 2.711e-06
160100 1.8034e-05
160200 1.791e-06
160300 1.751e-06
160400 4.14e-07
160500 1.9061e-05
160600 1.341e-06
160700 1.457e-06
160800 1.692e-06
160900 9.314e-06
161000 3.16e-07
161100 1.375e-06
161200 2.5e-08
161300 3.92e-07
161400 6.243e-06
161500 2.0328e-05
161600 4.97e-07
161700 1.306e-06
161800 2.86e-07
161900 1.365e-06
162000 9.3528e-05
162100 4.25e-07
162200 5.05e-07
162300 2.9913e-05
162400 4.38e-07
162500 2.5e-08
162600 3.68e-07
162700 1.351e-06
162800 2.758e-06
162900 5.43e-07
163000 8.6e-07
163100 5.64e-07
163200 1.678e-06
163300 9.07e-06
163400 4.1e-07
163500 1.685e-06
163600 2.81e-07
163700 4.86e-07
163800 1.623e-06
163900 3.22e-07
164000 4.21e-07
164100 1.122e-06
164200 3.37e-07
164300 8.812e-06
164400 1.324e-06
164500 4.02e-07
164600 2.5e-08
164700 9.34e-07
164800 4.64e-07
164900 1.8106e-05
165000 1.292e-06
165100 4.48e-07
165200 8.252e-06
165300 4.4e-07
165400 7.534e-06
165500 1.041e-06
165600 2.3393e-05
165700 1.0809e-05
165800 4.59e-07
165900 2.97e-07
166000 1.163e-06
166100 3.94e-07
166200 8.291e-06
166300 3.68e-07
166400 4.84e-07
166500 3.0933e-05
166600 1.7431e-05
166700 3.37e-07
166800 1.247e-05
166900 5.02e-07
167000 1.387e-06
167100 2.2448e-05
167200 5.71e-07
167300 1.533e-06
167400 1.774e-06
167500 4.51e-07
167600 1.755e-06
167700 8.374e-06
167800 3.82e-07
167900 1.903e-06
168000 1.621e-06
168100 3.17e-07
168200 1.692e-06
168300 4.61e-07
168400 1.658e-06
168500 1.658e-06
168600 1.333e-06
168700 1.368e-06
168800 3.59e-07
168900 1.899e-06
169000 4.6e-07
169100 1.413e-06
169200 3.7e-07
169300 1.491e-06
169400 1.3126e-05
169500 1.6019e-05
169600 2.9714e-05
169700 1.646e-06
169800 3.69e-07
169900 4.3e-07
170000 1.324e-06
170100 4.7e-07
170200 1.553e-06
170300 1.889e-06
170400 7.628e-06
170500 2.4e-08
170600 5.55e-07
170700 1.375e-06
170800 1.42e-06
170900 7.24e-07
171000 1.628e-06
171100 3.44e-07
171200 1.064e-06
171300 3.57e-07
171400 1.6892e-05
171500 2.361e-06
171600 8.311e-06
171700 2.793e-06
171800 1.529e-06
171900 6.25e-07
172000 4.22e-07
172100 9.019e-06
172200 4.254e-06
172300 3.81e-07
172400 2.164e-06
172500 1.8151e-05
172600 1.421e-06
172700 9.378e-06
172800 5.43e-07
172900 2.5e-08
173000 4.08e-07
173100 1.4861e-05
173200 1.8982e-05
173300 1.1423e-05
173400 3.57e-07
173500 2.192e-06
173600 3.88e-07
173700 3.57e-07
173800 4.48e-07
173900 1.524e-06
174000 1.3883e-05
174100 8.17e-06
174200 1.61e-06
174300 3.62e-07
174400 2.302e-06
174500 3.95e-07
174600 1.822e-06
174700 4.846e-06
174800 1.3151e-05
174900 5.38e-07
175000 5.72e-07
175100 3.14e-07
175200 3.52e-07
175300 2.027e-06
175400 1.545e-06
175500 3.53e-07
175600 1.484e-06
175700 2.95e-07
175800 1.3306e-05
175900 1.557e-06
176000 1.573e-06
176100 3.83e-07
176200 5.16e-07
176300 1.2117e-05
176400 3.54e-07
176500 1.1214e-05
176600 2.144e-06
176700 3.26e-07
176800 3.14e-07
176900 4.986e-06
177000 1.2044e-05
177100 3.23e-07
177200 2.5e-08
177300 3.36e-07
177400 4.1e-07
177500 7.23e-07
177600 6.584e-06
177700 9.5e-07
177800 2.5e-08
177900 2.66e-07
178000 3.6e-07
178100 7.23e-07
178200 2.6e-07
178300 3.13e-07
178400 2.003e-06
178500 3.84e-07
178600 1.398e-06
178700 8.67e-07
178800 4.46e-07
178900 7.62e-07
179000 2.513e-06
179100 1.605e-06
179200 1.3084e-05
179300 2.841e-06
179400 3.47e-07
179500 3.5e-07
179600 2.773e-06
179700 3.93e-07
179800 1.56e-06
179900 1.0127e-05
180000 4.316e-06
180100 1.4857e-05
180200 5.602e-06
180300 3.87e-07
180400 6.13e-06
180500 1.3554e-05
180600 2.5e-08
180700 1.362e-06
180800 3.62e-07
180900 1.784e-06
181000 3.472e-06
181100 1.705e-06
181200 1.229e-06
181300 7.5e-08
181400 6.788e-06
181500 2.587e-06
181600 3.149e-06
181700 2.07e-06
181800 1.512e-06
181900 1.713e-06
182000 1.467e-06
182100 4.3e-07
182200 2.352e-06
182300 1.148e-06
182400 1.695e-06
182500 1.46e-06
182600 1.708e-06
182700 8.354e-06
182800 2.949e-06
182900 4.87e-07
183000 7.765e-06
183100 6.78e-07
183200 1.7904e-05
183300 1.1321e-05
183400 1.966e-05
183500 1.8273e-05
183600 8.531e-06
183700 2.4652e-05
183800 1.597e-06
183900 1.372e-06
184000 4.73e-07
184100 1.578e-06
184200 1.0126e-05
184300 2.67e-06
184400 3.51e-07
184500 1.477e-06
184600 1.696e-06
184700 1.476e-06
184800 4.24e-07
184900 1.624e-06
185000 2.52e-07
185100 1.498e-06
185200 1.559e-06
185300 9.16e-06
185400 9.759e-06
185500 2.78e-07
185600 1.2156e-05
185700 3.3e-07
185800 1.428e-06
185900 1.663e-06
186000 4.02e-07
186100 8.9e-07
186200 1.416e-06
186300 1.435e-06
186400 1.53e-06
186500 7.47e-07
186600 2.73e-07
186700 1.871e-06
186800 3.55e-07
186900 1.472e-06
187000 1.438e-06
187100 4.32e-07
187200 1.344e-06
187300 8.874e-06
187400 1.626e-06
187500 7.294e-06
187600 3.14e-07
187700 1.7854e-05
187800 1.398e-06
187900 9.632e-06
188000 2.0942e-05
188100 4.49e-07
188200 3.41e-07
188300 2.618e-06
188400 1.4392e-05
188500 1.523e-06
188600 1.069e-06
188700 3.16e-07
188800 3.71e-07
188900 3.92e-06
189000 3.07e-07
189100 2.82e-07
189200 1.09e-06
189300 1.73e-06
189400 1.441e-06
189500 2.084e-06
189600 2.71e-07
189700 3.17e-07
189800 1.216e-06
189900 3.912e-06
190000 3.98e-07
190100 1.338e-06
190200 4.45e-07
190300 1.417e-06
190400 2.422e-06
190500 3.61e-07
190600 1.7882e-05
190700 1.479e-06
190800 8.938e-06
190900 8.224e-06
191000 4.18e-07
191100 1.589e-06
191200 3.06e-07
191300 3.08e-07
191400 1.788e-06
191500 5.627e-06
191600 3.82e-07
191700 1.6957e-05
191800 2.76e-07
191900 3.06e-06
192000 1.246e-06
192100 3.22e-07
192200 1.6809e-05
192300 1.3814e-05
192400 1.424e-06
192500 1.466e-05
192600 1.137e-06
192700 4.28e-07
192800 3.97e-07
192900 2.5e-08
193000 4.3799e-05
193100 3.26e-07
193200 1.293e-06
193300 1.6627e-05
193400 4.88e-07
193500 1.108e-06
193600 1.381e-06
193700 3.04e-07
193800 1.5504e-05
193900 1.594e-06
194000 3.86e-07
194100 1.234e-06
194200 1.8583e-05
194300 1.268e-06
194400 1.401e-06
194500 3.18e-07
194600 3.38e-07
194700 7.875e-06
194800 3.07e-07
194900 3.51e-07
195000 1.793e-06
195100 5.06e-07
195200 2.97e-07
195300 1.798e-06
195400 7.941e-06
195500 2.684e-06
195600 7.04e-07
195700 3.15e-07
195800 2.93e-07
195900 1.5154e-05
196000 1.46e-06
196100 1.375e-06
196200 2.332e-06
196300 3.09e-07
196400 3.65e-07
196500 1.88e-06
196600 3.33e-07
196700 8.12e-06
196800 6.75e-07
196900 2.99e-07
197000 1.448e-06
197100 9.565e-06
197200 1.536e-05
197300 3.21e-07
197400 2.246e-06
197500 2.9428e-05
197600 3.11e-07
197700 1.393e-06
197800 1.484e-06
197900 2.84e-07
198000 1.5328e-05
198100 4.11e-07
198200 3.21e-07
198300 1.3731e-05
198400 3.13e-07
198500 1.069e-05
198600 4.261e-06
198700 4.09e-07
198800 4.02e-07
198900 7.4e-08
199000 3.08e-07
199100 4.93e-07
199200 2.685e-06
199300 1.456e-06
199400 5.885e-06
199500 1.389e-06
199600 4.86e-07
199700 3.62e-07
199800 4.33e-07
199900 2.597e-06
200000 7.941e-06
200100 7.94e-07
200200 3.54e-07
200300 7.58e-07
200400 4.19e-07
200500 1.724e-06
200600 4.53e-07
200700 2.701e-06
200800 1.0468e-05
200900 2.025e-06
201000 3.86e-07
201100 1.652e-06
201200 4.05e-07
201300 2.1045e-05
201400 1.4717e-05
201500 1.379e-06
201600 1.706e-06
201700 1.423e-06
201800 1.125e-06
201900 4.1e-07
202000 4.1806e-05
202100 4.61e-07
202200 1.2757e-05
202300 4.04e-07
202400 2.703e-06
202500 7.206e-06
202600 1.0086e-05
202700 1.266e-06
202800 5.74e-07
202900 3.627e-06
203000 3.38e-07
203100 7.47e-07
203200 3.38e-07
203300 1.606e-06
203400 1.537e-06
203500 5.42e-07
203600 1.777e-06
203700 1.7407e-05
203800 2.724e-06
203900 3.96e-07
204000 2.653e-06
204100 2.7443e-05
204200 6.222e-06
204300 1.674e-06
204400 1.366e-06
204500 2.07e-06
204600 4.65e-07
204700 1.705e-06
204800 1.688e-06
204900 1.107e-06
205000 1.314e-06
205100 2.748e-05
205200 2.557e-06
205300 3.71e-07
205400 1.648e-06
205500 1.716e-06
205600 5e-07
205700 1.869e-06
205800 1.401e-06
205900 1.008e-05
206000 1.187e-06
206100 7.973e-06
206200 2.8732e-05
206300 1.519e-06
206400 1.856e-06
206500 2.732e-06
206600 1.924e-05
206700 2.985e-06
206800 6.56e-07
206900 1.165e-06
207000 1.994e-06
207100 5.19e-07
207200 2.9082e-05
207300 2.37e-06
207400 1.4468e-05
207500 2.3597e-05
207600 1.5878e-05
207700 2.403e-06
207800 4.933e-06
207900 2.016e-06
208000 7.93e-07
208100 4.43e-07
208200 4.47e-07
208300 1.972e-06
208400 6.07e-07
208500 8.95e-07
208600 1.435e-06
208700 5.47e-07
208800 2.549e-06
208900 5.39e-07
209000 5.37e-07
209100 4.94e-07
209200 1.3662e-05
209300 1.968e-06
209400 3.81e-07
209500 4.12e-07
209600 2.5e-08
209700 4.89e-07
209800 7.36e-07
209900 1.891e-05
210000 1.0394e-05
210100 8.415e-06
210200 3.28e-07
210300 5.44e-07
210400 2.4e-08
210500 3.41e-07
210600 7.96e-07
210700 2.64e-07
210800 3.82e-07
210900 1.899e-06
211000 4.99e-07
211100 3.95e-07
211200 1.445e-06
211300 1.696e-06
211400 2.052e-06
211500 3.56e-07
211600 5.42e-07
211700 2.5e-08
211800 5.48e-07
211900 8.47e-07
212000 1.6e-06
212100 1.0942e-05
212200 2.983e-06
212300 5.19e-07
212400 4.798e-06
212500 4.69e-07
212600 5.377e-06
212700 3.98e-07
212800 2.901e-06
212900 3.95e-07
213000 5.7e-07
213100 9.86e-07
213200 3.75e-07
213300 5.39e-07
213400 1.298e-06
213500 4.11e-07
213600 2.256e-06
213700 7.1e-07
213800 6.21e-07
213900 4.05e-07
214000 5.47e-07
214100 1.665e-06
214200 2.121e-06
214300 1.0548e-05
214400 6.65e-07
214500 4.99e-07
214600 9.459e-06
214700 4.57e-07
214800 2.454e-06
214900 2.1886e-05
215000 4.07e-07
215100 2.4165e-05
215200 4.36e-07
215300 2.822e-06
215400 3.92e-07
215500 1.49e-06
215600 2.014e-06
215700 8.739e-06
215800 7.27e-07
215900 4.62e-07
216000 6.44e-07
216100 1.62e-06
216200 4.33e-07
216300 6.59e-07
216400 1.69e-06
216500 6.95e-07
216600 1.85e-06
216700 5.49e-07
216800 5.26e-07
216900 1.795e-06
217000 2.117e-06
217100 1.844e-06
217200 4.61e-07
217300 4.55e-07
217400 1.622e-06
217500 4.09e-07
217600 1.5839e-05
217700 4.94e-07
217800 4.82e-07
217900 4.376e-06
218000 1.748e-06
218100 8.846e-06
218200 6.43e-07
218300 6.06e-07
218400 1.61e-06
218500 4.97e-07
218600 2.051e-06
218700 4.46e-07
218800 7.72e-07
218900 5.2e-07
219000 4.389e-06
219100 4.8e-07
219200 4.24e-07
219300 1.2927e-05
219400 4.71e-07
219500 1.009e-06
219600 1.599e-06
219700 2.2122e-05
219800 1.303e-06
219900 4.22e-07
220000 9.584e-06
220100 2.9403e-05
220200 5.01e-07
220300 2.855e-06
220400 6.43e-07
220500 1.485e-06
220600 2.2995e-05
220700 1.918e-06
220800 6e-07
220900 6.86e-07
221000 7.301e-06
221100 1.34e-06
221200 5.31e-07
221300 1.689e-06
221400 3.74e-07
221500 7.66e-07
221600 1.1599e-05
221700 1.6726e-05
221800 1.864e-06
221900 1.491e-06
222000 2.89e-06
222100 4.943e-06
222200 4.53e-07
222300 9.919e-06
222400 5.49e-07
222500 4.31e-07
222600 1.64e-06
222700 1.0906e-05
222800 1.926e-06
222900 2.2323e-05
223000 4.27e-07
223100 1.454e-06
223200 4.78e-07
223300 2.078e-06
223400 1.7853e-05
223500 3.44e-07
223600 1.662e-06
223700 2.3207e-05
223800 1.5187e-05
223900 1.564e-06
224000 1.7e-06
224100 3.99e-07
224200 2.65e-07
224300 3.45e-07
224400 4.78e-07
224500 2.0164e-05
224600 1.2319e-05
224700 4.99e-07
224800 9.82e-07
224900 3.91e-07
225000 1.919e-06
225100 3.96e-07
225200 2.65e-07
225300 1.643e-06
225400 3.08e-07
225500 7.87e-07
225600 1.087e-06
225700 3.46e-07
225800 7.758e-06
225900 2.5e-08
226000 1.0458e-05
226100 2.3416e-05
226200 2.7269e-05
226300 4.44e-07
226400 9.993e-06
226500 5.97e-07
226600 4.4e-07
226700 1.939e-06
226800 8.162e-06
226900 1.895e-06
227000 3.7e-07
227100 4.58e-07
227200 1.447e-06
227300 3.2358e-05
227400 1.615e-06
227500 2.5e-08
227600 1.442e-06
227700 6.0879e-05
227800 3.77e-07
227900 2.734e-06
228000 1.0821e-05
228100 9.448e-06
228200 1.814e-06
228300 1.3873e-05
228400 2.673e-06
228500 5.11e-07
228600 1.602e-05
228700 4.95e-07
228800 4.85e-07
228900 1.584e-06
229000 3.43e-07
229100 2.1099e-05
229200 3.69e-07
229300 4.01e-07
229400 2.226e-06
229500 4.03e-07
229600 7.68e-07
229700 1.3508e-05
229800 1.2232e-05
229900 1.644e-06
230000 2.8663e-05
230100 1.646e-06
230200 3.45e-07
230300 8.12e-07
230400 1.6775e-05
230500 4.22e-07
230600 7.46e-07
230700 5e-07
230800 1.1436e-05
230900 3.77e-07
231000 1.296e-05
231100 5.08e-07
231200 1.6445e-05
231300 8.4e-07
231400 4.96e-07
231500 1.4356e-05
231600 1.731e-06
231700 9.322e-06
231800 7.38e-07
231900 1.3424e-05
232000 4.09e-07
232100 2.1179e-05
232200 4.54e-07
232300 1.0511e-05
232400 2.5e-08
232500 1.668e-06
232600 3.93e-07
232700 1.688e-06
232800 2.976e-06
232900 3.95e-07
233000 1.336e-06
233100 1.34e-06
233200 8.001e-06
233300 1.351e-06
233400 5.074e-06
233500 2.6192e-05
233600 2.952e-06
233700 7.78e-07
233800 2.2186e-05
233900 7.6e-07
234000 1.747e-06
234100 1.3316e-05
234200 1.9677e-05
234300 4.33e-07
234400 6.37e-07
234500 2.592e-06
234600 3.91e-07
234700 1.7898e-05
234800 5.32e-07
234900 3.5751e-05
235000 5.147e-06
235100 5.67e-07
235200 1.621e-06
235300 4.76e-07
235400 2.113e-06
235500 4.72e-07
235600 9.09e-07
235700 7.03e-07
235800 3.58e-07
235900 7.67e-07
236000 3.4e-07
236100 9.41e-07
236200 4.39e-07
236300 2.4e-08
236400 3.201e-06
236500 3.62e-07
236600 1.815e-06
236700 4.66e-07
236800 3.87e-07
236900 1.046e-06
237000 4.33e-07
237100 2.052e-06
237200 2.86e-06
237300 8.63e-07
237400 4.76e-07
237500 3.69e-07
237600 1.832e-06
237700 2.7e-07
237800 9.02e-07
237900 4.09e-07
238000 8.2e-07
238100 2.275e-06
238200 4.45e-07
238300 3.19e-07
238400 2.74e-07
238500 2.0644e-05
238600 4.61e-07
238700 7.87e-07
238800 1.0459e-05
238900 2.715e-05
239000 1.69e-06
239100 1.1666e-05
239200 2.389e-06
239300 3.36e-07
239400 1.4823e-05
239500 7.45e-07
239600 1.5313e-05
239700 1.3159e-05
239800 4.29e-07
239900 4.118e-06
240000 2.5e-08
240100 3.94e-07
240200 1.7851e-05
240300 3.79e-07
240400 1.552e-06
240500 1.3299e-05
240600 1.4829e-05
240700 4.05e-07
240800 1.5618e-05
240900 1.594e-06
241000 8.328e-06
241100 2.112e-06
241200 8.99e-07
241300 3.53e-07
241400 1.632e-06
241500 3.53e-07
241600 1.8083e-05
241700 4.15e-07
241800 2.793e-06
241900 1.137e-05
242000 1.717e-06
242100 3.08e-07
242200 3.74e-07
242300 1.184e-06
242400 8.3e-06
242500 2.433e-06
242600 4.19e-07
242700 1.964e-06
242800 4.82e-07
242900 8.5e-07
243000 4.4e-07
243100 4.94e-07
243200 1.647e-06
243300 4.27e-07
243400 2.0181e-05
243500 7.58e-07
243600 2.1376e-05
243700 8.155e-06
243800 1.701e-06
243900 1.9821e-05
244000 3.43e-07
244100 6.05e-06
244200 1.563e-06
244300 1.565e-06
244400 4.19e-07
244500 8.02e-07
244600 8.781e-06
244700 3.79e-07
244800 1.525e-06
244900 4.01e-07
245000 1.265e-06
245100 3.5e-07
245200 8.13e-07
245300 8.25e-07
245400 3.74e-07
245500 1.776e-06
245600 4.48e-07
245700 1.72e-06
245800 3.63e-07
245900 3.3897e-05
246000 4.72e-07
246100 2.045e-06
246200 3.25e-07
246300 3.74e-07
246400 1.733e-06
246500 1.47e-06
246600 2.1076e-05
246700 3.98e-07
246800 1.71e-06
246900 5.86e-07
247000 7.262e-06
247100 1.561e-06
247200 6.84e-07
247300 1.858e-06
247400 4e-07
247500 1.2493e-05
247600 4.5e-07
247700 2.0016e-05
247800 3.48e-07
247900 7.361e-06
248000 1.314e-06
248100 4.83e-07
248200 1.616e-06
248300 1.452e-05
248400 1.9219e-05
248500 3.89e-07
248600 1.798e-06
248700 1.0351e-05
248800 3.483e-06
248900 3.55e-07
249000 5.86e-07
249100 2.2357e-05
249200 2.94e-07
249300 1.7e-06
249400 3.72e-07
249500 1.516e-06
249600 1.566e-06
249700 7.2e-07
249800 4.7e-07
249900 4.02e-07
250000 1.622e-06
250100 1.2615e-05
250200 2.879e-06
250300 2.5e-08
250400 3.752e-06
250500 5.73e-07
250600 8.81e-07
250700 2.4e-08
250800 3.95e-07
250900 2.4e-08
251000 3.79e-07
251100 3.85e-07
251200 3.39e-07
251300 1.526e-06
251400 1.8216e-05
251500 7.12e-06
251600 3.52e-07
251700 4.28e-07
251800 1.609e-06
251900 6.44e-07
252000 1.605e-06
252100 4e-07
252200 8.28e-07
252300 5.98e-07
252400 3.72e-07
252500 5.92e-07
252600 4.53e-07
252700 1.884e-06
252800 8.723e-06
252900 1.9089e-05
253000 4.13e-07
253100 1.609e-06
253200 3.69e-07
253300 3.63e-07
253400 4.75e-07
253500 2.5e-08
253600 1.788e-06
253700 4.17e-07
253800 1.496e-06
253900 3.91e-07
254000 4.46e-07
254100 4.15e-07
254200 5.996e-06
254300 5.832e-06
254400 1.54e-06
254500 8.18e-07
254600 2.3034e-05
254700 7.61e-07
254800 1.0729e-05
254900 4.815e-06
255000 1.536e-06
255100 4.43e-07
255200 5.101e-06
255300 4.43e-06
255400 7.17e-07
255500 4.43e-07
255600 3.5e-07
255700 1.732e-06
255800 1.514e-06
255900 4.751e-06
256000 4.63e-07
256100 1.957e-06
256200 1.7858e-05
256300 1.458e-06
256400 3.74e-07
256500 1.854e-06
256600 1.0365e-05
256700 1.49e-06
256800 4.07e-07
256900 8.64e-07
257000 3.7e-07
257100 5.57e-07
257200 6.892e-06
257300 3.67e-07
257400 1.3438e-05
257500 3.61e-07
257600 6.96e-07
257700 3.91e-07
257800 1.213e-06
257900 4.19e-07
258000 2.779e-06
258100 1.4279e-05
258200 4.15e-07
258300 4.78e-07
258400 2.881e-05
258500 1.366e-06
258600 1.5228e-05
258700 5.962e-06
258800 1.673e-06
258900 1.461e-06
259000 3.92e-07
259100 3.92e-07
259200 1.1831e-05
259300 3.79e-07
259400 9.404e-06
259500 3.55e-07
259600 1.474e-06
259700 5.03e-07
259800 1.4989e-05
259900 1.3258e-05
260000 2.159e-06
260100 1.644e-05
260200 3.88e-07
260300 1.405e-06
260400 4.04e-07
260500 5.16e-07
260600 1.832e-06
260700 1.412e-06
260800 3.06e-07
260900 1.738e-06
261000 1.27e-06
261100 3.82e-07
261200 5.28e-07
261300 1.603e-06
261400 8.045e-06
261500 1.5e-06
261600 6.7e-07
261700 5.8e-07
261800 1.576e-06
261900 2.6055e-05
262000 1.92e-06
262100 8.8e-07
262200 3.85e-07
262300 1.045e-06
262400 3.2e-07
262500 1.051e-06
262600 2.793e-06
262700 1.393e-06
262800 2.83e-07
262900 6.77e-07
263000 4.2e-07
263100 1.179e-06
263200 2.64e-07
263300 2.008e-06
263400 9.483e-06
263500 3.37e-07
263600 2.13e-05
263700 1.127e-06
263800 6.45e-07
263900 1.11e-06
264000 3.79e-07
264100 7.32e-07
264200 4.57e-07
264300 1.136e-06
264400 3.38e-07
264500 1.848e-06
264600 3.17e-07
264700 1.5044e-05
264800 1.284e-06
264900 2.87e-07
265000 2.686e-05
265100 2.44e-07
265200 1.43e-06
265300 2.0307e-05
265400 1.927e-06
265500 2.63e-07
265600 1.385e-06
265700 3.87e-07
265800 1.478e-06
265900 2.443e-06
266000 1.612e-06
266100 3.81e-07
266200 2.024e-06
266300 1.215e-06
266400 2.053e-06
266500 3.61e-07
266600 3.5341e-05
266700 3.141e-06
266800 3.958e-06
266900 1.758e-06
267000 4.394e-06
267100 3.96e-07
267200 1.999e-06
267300 4.19e-06
267400 3.02e-07
267500 6.347e-06
267600 1.333e-06
267700 1.9555e-05
267800 5.54e-07
267900 1.485e-06
268000 3.33e-07
268100 2.602e-06
268200 1.375e-06
268300 1.384e-06
268400 2.012e-06
268500 2.232e-06
268600 7.866e-06
268700 9.46e-06
268800 2.99e-07
268900 1.005e-06
269000 3.55e-07
269100 2.3031e-05
269200 2.56e-07
269300 1.252e-06
269400 8.5e-06
269500 1.465e-06
269600 4.34e-07
269700 1.777e-06
269800 2.04e-06
269900 9.04e-07
270000 4.07e-07
270100 3.68e-07
270200 2.69e-07
270300 8.226e-06
270400 1.224e-06
270500 3.75e-07
270600 5.8228e-05
270700 6.439e-06
270800 7.53e-07
270900 3.77e-07
271000 7.91e-07
271100 4.06e-07
271200 2.8e-07
271300 1.081e-06
271400 2.54e-07
271500 2.2198e-05
271600 1.353e-06
271700 3.482e-06
271800 5.187e-06
271900 4.61e-06
272000 5.17e-07
272100 1.002e-06
272200 3.07e-07
272300 1.236e-05
272400 3.28e-07
272500 1.6489e-05
272600 4.48e-07
272700 1.6229e-05
272800 1.0051e-05
272900 3.14e-07
273000 3.772e-06
273100 2.025e-06
273200 3.38e-07
273300 1.262e-06
273400 1.991e-06
273500 4.78e-07
273600 1.4392e-05
273700 2.712e-06
273800 1.233e-06
273900 3.66e-07
274000 1.806e-06
274100 4.71e-07
274200 2.355e-06
274300 1.406e-06
274400 3.03e-07
274500 3.37e-07
274600 1.546e-06
274700 2.7e-07
274800 3.157e-06
274900 2.92e-07
275000 5.665e-06
275100 3.98e-07
275200 3.14e-07
275300 1.5765e-05
275400 3.87e-07
275500 4.153e-06
275600 2.94e-07
275700 2.75e-07
275800 2.024e-06
275900 9.094e-06
276000 1.476e-06
276100 4.44e-07
276200 1.827e-06
276300 4.39e-07
276400 1.283e-06
276500 1.187e-06
276600 3.77e-07
276700 1.453e-06
276800 1.8502e-05
276900 3.55e-07
277000 8.164e-06
277100 1.196e-06
277200 3.017e-06
277300 2.4e-08
277400 1.668e-06
277500 7.9e-07
277600 3.55e-07
277700 1.66e-06
277800 1.9992e-05
277900 1.3611e-05
278000 1.89e-06
278100 3.27e-07
278200 1.184e-06
278300 1.85e-06
278400 2.1602e-05
278500 1.703e-06
278600 5.84e-07
278700 4.49e-07
278800 8.326e-06
278900 1.055e-06
279000 1.6474e-05
279100 2.256e-06
279200 3.82e-07
279300 1.277e-06
279400 1.981e-06
279500 5.39e-07
279600 8.722e-06
279700 8.282e-06
279800 9.97e-07
279900 3.13e-07
280000 2.08e-06
280100 8.732e-06
280200 3.2556e-05
280300 4.7e-07
280400 2.007e-06
280500 1.8619e-05
280600 1.6785e-05
280700 1.553e-06
280800 3.87e-07
280900 1.127e-06
281000 1.171e-06
281100 8.65e-07
281200 1.585e-06
281300 2.06e-06
281400 1.75e-06
281500 8.888e-06
281600 2.82e-07
281700 4.246e-06
281800 6.55e-07
281900 4.21e-07
282000 1.562e-06
282100 2.5e-08
282200 2.4729e-05
282300 1.537e-06
282400 1.1196e-05
282500 2.019e-06
282600 2.763e-06
282700 5.36e-07
282800 1.205e-06
282900 1.4018e-05
283000 2.4e-08
283100 6.97e-07
283200 1.294e-06
283300 7.66e-06
283400 1.0467e-05
283500 2.042e-06
283600 6.828e-06
283700 2.1634e-05
283800 4.16e-07
283900 3.27e-07
284000 3.34e-07
284100 1.427e-06
284200 4.84e-07
284300 4.81e-07
284400 3.712e-06
284500 2.0037e-05
284600 2.1686e-05
284700 1.313e-06
284800 6.116e-06
284900 1.542e-06
285000 3.52e-07
285100 2.343e-06
285200 6.65e-07
285300 1.131e-05
285400 3.11e-07
285500 1.856e-06
285600 5.531e-06
285700 1.4916e-05
285800 3.164e-06
285900 1.784e-06
286000 1.499e-06
286100 4.64e-07
286200 2.834e-06
286300 2.062e-06
286400 4.321e-06
286500 1.863e-06
286600 4.74e-07
286700 1.818e-06
286800 1.631e-06
286900 2.246e-06
287000 1.1044e-05
287100 2.53e-07
287200 2.5e-08
287300 1.2388e-05
287400 4.78e-07
287500 2.1068e-05
287600 1.844e-06
287700 1.803e-06
287800 3.93e-07
287900 1.416e-06
288000 4.58e-07
288100 2.92e-07
288200 6.217e-06
288300 3.41e-07
288400 7.741e-06
288500 2.169e-06
288600 5.6e-07
288700 1.247e-06
288800 2.65e-07
288900 3.84e-07
289000 2.98e-07
289100 5.679e-06
289200 2.001e-06
289300 1.4052e-05
289400 6.5e-07
289500 3.01e-07
289600 1.3696e-05
289700 4.14e-07
289800 1.373e-06
289900 1.084e-05
290000 1.372e-06
290100 1.052e-06
290200 2.126e-06
290300 3.64e-07
290400 2.2359e-05
290500 3.9e-07
290600 1.7894e-05
290700 6.54e-07
290800 6.62e-07
290900 1.082e-06
291000 1.859e-06
291100 1.3147e-05
291200 1.151e-06
291300 5.78e-07
291400 1.083e-06
291500 7.23e-07
291600 5.383e-06
291700 2.184e-06
291800 3.29e-07
291900 2.5e-08
292000 1.135e-06
292100 1.455e-06
292200 4.4e-07
292300 2.216e-06
292400 4.51e-07
292500 4.966e-06
292600 3.4e-07
292700 2.5e-08
292800 4.28e-07
292900 4.101e-06
293000 1.815e-06
293100 1.393e-06
293200 2.5e-08
293300 6.18e-07
293400 1.894e-06
293500 1.239e-06
293600 1.748e-06
293700 1.674e-06
293800 2.91e-06
293900 2.065e-06
294000 4.1529e-05
294100 2.5e-08
294200 3.2e-07
294300 6.08e-07
294400 5.68e-07
294500 2.86e-07
294600 1.1599e-05
294700 5.33e-07
294800 1.866e-06
294900 1.772e-06
295000 4.43e-07
295100 1.48e-06
295200 1.215e-06
295300 3.77e-07
295400 4.34e-07
295500 1.6787e-05
295600 4.69e-07
295700 1.276e-06
295800 1.5914e-05
295900 8.239e-06
296000 1.76e-06
296100 4.36e-07
296200 1.219e-06
296300 1.791e-06
296400 4.06e-07
296500 8.647e-06
296600 1.689e-06
296700 1.655e-06
296800 1.377e-06
296900 1.407e-06
297000 3.0295e-05
297100 2.52e-07
297200 2.4721e-05
297300 1.82e-06
297400 3.11e-07
297500 1.056e-06
297600 3.17e-07
297700 1.457e-06
297800 2.4e-08
297900 4.24e-07
298000 3.42e-07
298100 2.738e-06
298200 3.71e-07
298300 1.314e-06
298400 2.6618e-05
298500 1.379e-06
298600 4.02e-07
298700 2.011e-06
298800 1.238e-05
298900 2.499e-06
299000 1.485e-06
299100 1.5769e-05
299200 1.824e-06
299300 5.36e-06
299400 4.14e-07
299500 1.416e-06
299600 2.6289e-05
299700 4.41e-07
299800 2.033e-06
299900 1.483e-06
300000 1.5434e-05
